rh.aparc.area	rh_bankssts_area	rh_caudalanteriorcingulate_area	rh_caudalmiddlefrontal_area	rh_cuneus_area	rh_entorhinal_area	rh_fusiform_area	rh_inferiorparietal_area	rh_inferiortemporal_area	rh_isthmuscingulate_area	rh_lateraloccipital_area	rh_lateralorbitofrontal_area	rh_lingual_area	rh_medialorbitofrontal_area	rh_middletemporal_area	rh_parahippocampal_area	rh_paracentral_area	rh_parsopercularis_area	rh_parsorbitalis_area	rh_parstriangularis_area	rh_pericalcarine_area	rh_postcentral_area	rh_posteriorcingulate_area	rh_precentral_area	rh_precuneus_area	rh_rostralanteriorcingulate_area	rh_rostralmiddlefrontal_area	rh_superiorfrontal_area	rh_superiorparietal_area	rh_superiortemporal_area	rh_supramarginal_area	rh_frontalpole_area	rh_temporalpole_area	rh_transversetemporal_area	rh_insula_area	rh_WhiteSurfArea_area
10398/	808.0	707.0	1834.0	1534.0	238.0	3044.0	4307.0	2671.0	715.0	4938.0	2167.0	2574.0	1547.0	2995.0	631.0	1416.0	1732.0	699.0	1564.0	1534.0	3217.0	962.0	4066.0	3699.0	497.0	4555.0	6411.0	5289.0	3016.0	3257.0	249.0	478.0	276.0	2197.0	75821.7
10423/	955.0	608.0	2913.0	1948.0	414.0	3866.0	6034.0	2781.0	1021.0	5329.0	2421.0	3289.0	1774.0	3150.0	751.0	1489.0	1655.0	693.0	1647.0	1636.0	3935.0	1111.0	4723.0	4183.0	644.0	5899.0	6847.0	5720.0	3479.0	3317.0	316.0	484.0	461.0	2479.0	87973.9
10524/	1031.0	1024.0	2364.0	1848.0	377.0	3650.0	6316.0	3144.0	1148.0	5557.0	2392.0	3636.0	1780.0	3764.0	890.0	1519.0	2025.0	738.0	1636.0	2045.0	4428.0	1352.0	5362.0	4227.0	969.0	6267.0	8444.0	6120.0	4075.0	3954.0	291.0	449.0	366.0	2469.0	95658.9
10536/	851.0	845.0	2316.0	1605.0	288.0	3869.0	5862.0	2694.0	986.0	5294.0	2663.0	3831.0	1923.0	3288.0	878.0	1380.0	1710.0	707.0	1509.0	1627.0	3586.0	1083.0	4656.0	4243.0	564.0	5492.0	6910.0	5815.0	3468.0	3503.0	227.0	410.0	265.0	2027.0	86374.7
10547/	1142.0	977.0	2300.0	1516.0	316.0	3607.0	6994.0	3971.0	1134.0	5729.0	3191.0	3348.0	2465.0	4216.0	816.0	1484.0	1513.0	1103.0	1885.0	1823.0	4237.0	1662.0	5616.0	4735.0	747.0	8279.0	7738.0	7073.0	4088.0	4821.0	322.0	405.0	340.0	2811.0	102406.0
10563/	826.0	566.0	1489.0	1143.0	247.0	2981.0	4585.0	2988.0	731.0	3454.0	2419.0	2643.0	1467.0	3359.0	676.0	1451.0	1141.0	658.0	1337.0	1305.0	3478.0	1052.0	4998.0	3624.0	636.0	4978.0	6697.0	4502.0	3343.0	3494.0	264.0	389.0	386.0	2119.0	75426.2
10566/	889.0	597.0	1517.0	1310.0	243.0	2833.0	5425.0	2558.0	963.0	3506.0	2300.0	2689.0	1756.0	3316.0	601.0	1543.0	1413.0	726.0	1753.0	1229.0	3859.0	1101.0	5033.0	3677.0	510.0	4941.0	7199.0	4490.0	3433.0	3192.0	256.0	325.0	326.0	2028.0	77536.7
10606/	1006.0	756.0	2168.0	1517.0	325.0	3232.0	5734.0	2940.0	886.0	4577.0	2515.0	3015.0	1855.0	3479.0	781.0	1760.0	1363.0	859.0	1883.0	1551.0	4397.0	1118.0	5858.0	4038.0	725.0	6209.0	7545.0	5380.0	3570.0	4051.0	296.0	403.0	491.0	2063.0	88347.4
10620/	1329.0	867.0	3574.0	1714.0	274.0	3265.0	6311.0	2949.0	1193.0	4867.0	3344.0	3232.0	2180.0	3841.0	814.0	2051.0	1690.0	939.0	1884.0	1650.0	4870.0	1586.0	6421.0	4902.0	851.0	7252.0	9088.0	5961.0	4405.0	4510.0	343.0	409.0	327.0	2422.0	101315.0
10621/	1020.0	848.0	2588.0	1747.0	282.0	3183.0	5105.0	2808.0	1327.0	6470.0	2658.0	2850.0	2280.0	3825.0	768.0	1604.0	1668.0	879.0	2105.0	1572.0	4126.0	1380.0	5902.0	4132.0	941.0	7258.0	8270.0	6127.0	3916.0	4044.0	298.0	408.0	434.0	2259.0	95080.9
10667/	860.0	809.0	1731.0	1555.0	304.0	3274.0	5875.0	3106.0	931.0	4173.0	2731.0	3100.0	1753.0	3427.0	674.0	1152.0	1499.0	839.0	1483.0	1371.0	3442.0	1011.0	4218.0	3947.0	682.0	6162.0	5973.0	5058.0	3467.0	3732.0	254.0	339.0	259.0	1892.0	81084.5
10813/	811.0	681.0	2195.0	1442.0	300.0	3355.0	5721.0	3375.0	840.0	5040.0	2195.0	3220.0	1701.0	3012.0	699.0	1331.0	1584.0	809.0	1674.0	1535.0	3956.0	1144.0	5045.0	3728.0	647.0	6477.0	6807.0	5179.0	3071.0	3847.0	348.0	422.0	287.0	2130.0	84606.7
10903/	1101.0	689.0	2651.0	1533.0	377.0	4079.0	6983.0	3890.0	947.0	4764.0	3006.0	3183.0	2182.0	3964.0	921.0	1582.0	1385.0	866.0	1430.0	1500.0	4720.0	1244.0	5188.0	4994.0	749.0	7019.0	7991.0	6331.0	3930.0	5301.0	313.0	604.0	408.0	2292.0	98118.8
10943/	874.0	642.0	1913.0	1541.0	316.0	3350.0	4629.0	2730.0	821.0	4387.0	2159.0	3048.0	1549.0	2824.0	634.0	1358.0	1565.0	710.0	1389.0	1345.0	3562.0	1167.0	4540.0	3731.0	693.0	5293.0	6154.0	5523.0	3223.0	3680.0	291.0	374.0	369.0	1932.0	78314.6
5202/	855.0	687.0	1968.0	1535.0	310.0	2973.0	4381.0	2650.0	825.0	4969.0	2263.0	2664.0	1570.0	3008.0	668.0	1474.0	1847.0	728.0	1451.0	1533.0	3258.0	954.0	4254.0	3871.0	582.0	4548.0	6760.0	5245.0	3109.0	3381.0	244.0	443.0	321.0	2266.0	77592.8
5302/	723.0	924.0	1862.0	1467.0	290.0	3112.0	5373.0	2511.0	902.0	4444.0	2323.0	2994.0	1835.0	2867.0	625.0	1565.0	1216.0	678.0	1418.0	1553.0	3799.0	1123.0	4870.0	4066.0	771.0	6075.0	5729.0	5308.0	3004.0	3522.0	298.0	383.0	325.0	2308.0	80263.5
5305/	1030.0	1049.0	1989.0	1291.0	266.0	3127.0	4779.0	2601.0	819.0	4144.0	2313.0	3173.0	1669.0	3050.0	678.0	1287.0	1440.0	734.0	1538.0	1504.0	3666.0	1165.0	4159.0	3531.0	777.0	4828.0	5734.0	4671.0	3477.0	3330.0	252.0	363.0	350.0	1924.0	76710.3
5306/	876.0	676.0	2490.0	1070.0	121.0	2458.0	4893.0	2052.0	682.0	4063.0	2064.0	2914.0	1407.0	2679.0	610.0	1500.0	1666.0	625.0	1829.0	1131.0	3669.0	905.0	4570.0	3338.0	601.0	5036.0	5724.0	4262.0	2939.0	3033.0	256.0	292.0	282.0	1869.0	72580.9
5464/	786.0	714.0	2173.0	1398.0	295.0	3274.0	4769.0	2846.0	908.0	4903.0	2062.0	2972.0	1419.0	2621.0	571.0	1356.0	1485.0	721.0	1117.0	1458.0	3505.0	1095.0	4761.0	3567.0	636.0	5331.0	6698.0	4942.0	3168.0	3568.0	304.0	344.0	318.0	2223.0	78310.8
5505/	903.0	693.0	2114.0	1474.0	303.0	3536.0	5173.0	2625.0	808.0	4993.0	2555.0	3020.0	1499.0	3380.0	845.0	1308.0	1595.0	806.0	1523.0	1556.0	3989.0	1091.0	4698.0	3771.0	646.0	6097.0	6642.0	5138.0	3551.0	4165.0	277.0	392.0	367.0	2288.0	83817.5
5506/	748.0	613.0	1591.0	1154.0	219.0	2467.0	4164.0	2278.0	768.0	3935.0	1914.0	2738.0	1196.0	2331.0	500.0	1240.0	1470.0	625.0	1277.0	1441.0	3258.0	925.0	4213.0	2840.0	625.0	4882.0	5075.0	4273.0	2734.0	2754.0	278.0	386.0	294.0	1725.0	66930.0
5514/	966.0	756.0	2078.0	1596.0	301.0	3522.0	5961.0	2944.0	983.0	5504.0	2855.0	3054.0	1526.0	3322.0	727.0	1360.0	1417.0	923.0	1948.0	1663.0	3834.0	932.0	4423.0	4116.0	783.0	6748.0	6387.0	5027.0	3667.0	3158.0	285.0	402.0	355.0	2335.0	85859.4
5515/	849.0	890.0	2547.0	1715.0	283.0	3284.0	6709.0	2944.0	868.0	4887.0	2636.0	3691.0	2146.0	3831.0	773.0	1616.0	1729.0	767.0	1854.0	1859.0	3936.0	1024.0	5708.0	4338.0	590.0	6338.0	7583.0	5940.0	3730.0	3678.0	426.0	415.0	418.0	2585.0	92586.0
5516/	964.0	725.0	1733.0	1279.0	267.0	2698.0	4868.0	2419.0	863.0	4252.0	2613.0	2925.0	1765.0	3373.0	627.0	1280.0	1253.0	789.0	1242.0	1169.0	3883.0	965.0	5153.0	4137.0	649.0	4808.0	6420.0	5201.0	3610.0	3074.0	219.0	346.0	417.0	1905.0	77891.2
5518/	809.0	729.0	1865.0	1199.0	203.0	3184.0	5206.0	2500.0	787.0	4146.0	2338.0	2673.0	1831.0	3290.0	717.0	1637.0	1409.0	687.0	1588.0	1423.0	3869.0	914.0	4762.0	3949.0	548.0	5771.0	6614.0	4698.0	3309.0	3054.0	212.0	429.0	340.0	1999.0	78685.8
5640/	792.0	898.0	2502.0	1452.0	331.0	3320.0	5771.0	2705.0	965.0	4921.0	3212.0	2739.0	1928.0	3362.0	772.0	1483.0	1175.0	712.0	1437.0	1402.0	4182.0	1085.0	5445.0	3298.0	684.0	6246.0	8120.0	4861.0	3705.0	3375.0	276.0	407.0	395.0	2430.0	86387.6
5649/	973.0	659.0	2685.0	1247.0	367.0	3617.0	6837.0	3036.0	1189.0	5159.0	3016.0	2731.0	1808.0	3667.0	729.0	1421.0	1535.0	792.0	1465.0	1093.0	5226.0	1065.0	5941.0	4379.0	729.0	6860.0	8574.0	5756.0	3957.0	4407.0	330.0	450.0	384.0	2339.0	94424.4
5754/	949.0	867.0	2519.0	1632.0	279.0	3340.0	6007.0	3809.0	857.0	4159.0	2385.0	3481.0	1804.0	3367.0	702.0	1586.0	1315.0	775.0	1575.0	1484.0	4314.0	1179.0	5220.0	3826.0	853.0	6638.0	8199.0	6273.0	3522.0	3577.0	322.0	475.0	335.0	2106.0	89728.2
5755/	752.0	533.0	1491.0	1091.0	293.0	2451.0	4055.0	1908.0	597.0	3386.0	1732.0	2453.0	1295.0	2415.0	535.0	931.0	1012.0	496.0	1326.0	1104.0	3061.0	844.0	3751.0	2833.0	439.0	4073.0	5218.0	4679.0	2645.0	2279.0	215.0	351.0	325.0	1666.0	62234.4
5771/	963.0	697.0	2000.0	1587.0	341.0	3454.0	5026.0	2912.0	989.0	4775.0	2477.0	3065.0	2004.0	3292.0	712.0	1516.0	1422.0	788.0	1774.0	1533.0	4341.0	1301.0	4618.0	4162.0	468.0	6385.0	7180.0	5652.0	3784.0	3669.0	280.0	381.0	346.0	2206.0	86100.2
5798/	44.0	88.0	232.0	171.0	10.0	40.0	1041.0	355.0	0.0	261.0	534.0	42.0	315.0	991.0	0.0	175.0	181.0	131.0	39.0	61.0	1092.0	15.0	597.0	18.0	2.0	899.0	1519.0	1018.0	357.0	1029.0	64.0	84.0	9.0	267.0	11682.3
5825/	756.0	861.0	2217.0	1094.0	332.0	2754.0	4918.0	3064.0	1024.0	4462.0	2439.0	2330.0	1661.0	2744.0	689.0	1518.0	1612.0	653.0	1323.0	886.0	4251.0	1209.0	4974.0	3443.0	795.0	5381.0	6550.0	5134.0	3464.0	3606.0	344.0	445.0	351.0	1896.0	79182.0
5843/	833.0	587.0	1586.0	952.0	258.0	2307.0	3900.0	2017.0	566.0	3886.0	1760.0	2287.0	1219.0	2314.0	517.0	1078.0	1113.0	518.0	1261.0	1165.0	2915.0	772.0	3902.0	2881.0	387.0	3761.0	4607.0	4103.0	2738.0	2520.0	218.0	379.0	270.0	1616.0	61196.0
5844/	747.0	483.0	1950.0	1498.0	278.0	2784.0	4978.0	2858.0	727.0	4063.0	2211.0	2648.0	1453.0	2840.0	497.0	1299.0	1096.0	632.0	1257.0	1266.0	3202.0	899.0	5030.0	3443.0	618.0	4291.0	6896.0	4671.0	2956.0	2843.0	288.0	401.0	316.0	2102.0	73520.7
5899/	954.0	793.0	2162.0	1433.0	204.0	2570.0	4790.0	2741.0	659.0	3710.0	2393.0	2782.0	1877.0	3300.0	601.0	1415.0	1300.0	631.0	946.0	1486.0	4030.0	1326.0	4254.0	3644.0	535.0	4813.0	6707.0	5252.0	3454.0	3703.0	266.0	425.0	299.0	1783.0	77239.5
5900/	839.0	548.0	2592.0	1133.0	465.0	2807.0	5818.0	3122.0	1153.0	4876.0	2359.0	2728.0	1693.0	3044.0	686.0	1618.0	1559.0	822.0	1347.0	1077.0	4372.0	1165.0	5262.0	3562.0	479.0	6693.0	8663.0	6123.0	3724.0	4161.0	342.0	457.0	394.0	2464.0	88146.1
5902/	800.0	1213.0	1948.0	1780.0	358.0	3449.0	5232.0	2631.0	1044.0	5231.0	2870.0	3173.0	1913.0	3712.0	612.0	1764.0	1484.0	906.0	1485.0	1885.0	4373.0	1207.0	5897.0	4050.0	896.0	6891.0	6816.0	5891.0	3518.0	3492.0	286.0	330.0	307.0	2239.0	89684.8
5953/	729.0	831.0	2058.0	1427.0	265.0	2949.0	4560.0	2507.0	870.0	4286.0	2526.0	2828.0	1477.0	2916.0	637.0	1283.0	1139.0	878.0	1226.0	1503.0	3264.0	1149.0	4791.0	3592.0	525.0	5849.0	5605.0	5383.0	3187.0	3299.0	288.0	392.0	323.0	2136.0	76677.5
5955/	870.0	752.0	2115.0	1395.0	293.0	2732.0	4166.0	2541.0	907.0	4569.0	2370.0	3115.0	1443.0	2866.0	584.0	1191.0	1313.0	613.0	1155.0	1463.0	3624.0	1114.0	4484.0	3918.0	692.0	5371.0	6267.0	5331.0	2821.0	3600.0	234.0	379.0	282.0	1803.0	76370.2
5977/	1081.0	648.0	1644.0	1557.0	354.0	3323.0	5728.0	3443.0	1012.0	4194.0	2702.0	2816.0	1758.0	3331.0	655.0	1478.0	1388.0	831.0	1175.0	1740.0	4412.0	1130.0	5006.0	3736.0	597.0	6282.0	7285.0	5119.0	3835.0	3821.0	250.0	467.0	371.0	2235.0	85402.4
6010/	909.0	659.0	2151.0	1410.0	175.0	2986.0	4632.0	2479.0	907.0	4945.0	1817.0	2842.0	1474.0	2922.0	788.0	1555.0	1167.0	676.0	1780.0	1243.0	3588.0	1093.0	4745.0	3736.0	570.0	5271.0	6051.0	4787.0	3442.0	3224.0	286.0	305.0	347.0	1804.0	76764.5
6026/	1162.0	931.0	1855.0	1529.0	345.0	3329.0	5923.0	3708.0	1200.0	5557.0	2657.0	2995.0	2130.0	4047.0	716.0	1456.0	1334.0	864.0	1663.0	1406.0	4217.0	1204.0	5044.0	4175.0	828.0	6122.0	7124.0	5890.0	3695.0	4154.0	288.0	463.0	361.0	2150.0	90520.9
6028/	883.0	740.0	2064.0	1301.0	340.0	2971.0	5152.0	3130.0	809.0	4157.0	2208.0	2788.0	1562.0	3258.0	531.0	1160.0	1344.0	622.0	1180.0	1511.0	3742.0	1044.0	3921.0	3467.0	576.0	4989.0	6195.0	4079.0	3061.0	3215.0	261.0	493.0	300.0	2153.0	75207.4
6033/	1054.0	426.0	1466.0	1565.0	193.0	2762.0	5022.0	2603.0	809.0	4979.0	2397.0	3037.0	1536.0	2857.0	664.0	1565.0	1429.0	652.0	1438.0	1420.0	3445.0	871.0	4510.0	3304.0	410.0	4921.0	6903.0	5383.0	3149.0	3050.0	266.0	500.0	292.0	1917.0	76793.5
6034/	995.0	824.0	2451.0	1784.0	378.0	3385.0	6738.0	3288.0	1011.0	5364.0	2656.0	3595.0	1786.0	3617.0	764.0	1321.0	1747.0	918.0	1987.0	1867.0	4233.0	1168.0	5253.0	4407.0	754.0	6427.0	7894.0	6178.0	3944.0	3111.0	298.0	375.0	342.0	2625.0	93484.0
6035/	1133.0	759.0	3053.0	1663.0	371.0	3165.0	7611.0	4047.0	1080.0	5407.0	2828.0	3408.0	2234.0	4191.0	660.0	1778.0	1531.0	928.0	1751.0	1603.0	4642.0	1344.0	6389.0	4358.0	684.0	7016.0	8690.0	5845.0	4341.0	3230.0	307.0	387.0	394.0	2621.0	99448.0
6040/	1147.0	735.0	2222.0	1884.0	283.0	3823.0	7039.0	3026.0	986.0	5626.0	2656.0	3968.0	1811.0	3553.0	865.0	1154.0	1826.0	953.0	2029.0	1931.0	4354.0	1151.0	5528.0	4378.0	750.0	7180.0	8460.0	7075.0	3852.0	3376.0	269.0	416.0	358.0	2707.0	97372.4
6044/	778.0	776.0	2242.0	1554.0	380.0	2801.0	5393.0	2351.0	767.0	5127.0	2420.0	3462.0	1699.0	2886.0	551.0	1386.0	1473.0	730.0	1538.0	1548.0	4033.0	1171.0	4794.0	3204.0	732.0	5713.0	6463.0	4369.0	3695.0	2724.0	278.0	305.0	286.0	2149.0	79777.8
6045/	1033.0	977.0	2588.0	1412.0	454.0	3669.0	6060.0	2886.0	807.0	5427.0	2554.0	2870.0	1982.0	3204.0	886.0	1578.0	1502.0	852.0	1540.0	1501.0	4182.0	1209.0	5496.0	4004.0	591.0	7149.0	7021.0	4671.0	3412.0	3308.0	332.0	283.0	330.0	1924.0	87691.7
6050/	334.0	189.0	800.0	348.0	175.0	934.0	1884.0	921.0	128.0	1685.0	1272.0	607.0	903.0	1029.0	596.0	1084.0	371.0	305.0	551.0	379.0	1623.0	320.0	2269.0	2349.0	317.0	2045.0	2977.0	2534.0	1638.0	1894.0	190.0	161.0	162.0	1100.0	34075.8
6057/	851.0	671.0	1951.0	1230.0	258.0	2525.0	4934.0	2693.0	672.0	4129.0	2159.0	2696.0	1490.0	2867.0	537.0	1555.0	1346.0	583.0	1269.0	1117.0	3306.0	871.0	4337.0	3275.0	412.0	5460.0	6211.0	4788.0	3220.0	2956.0	282.0	284.0	334.0	1764.0	73031.7
6058/	802.0	878.0	1933.0	1471.0	290.0	2405.0	5026.0	2752.0	765.0	4691.0	2255.0	3178.0	1656.0	3224.0	670.0	1488.0	1458.0	697.0	1510.0	1438.0	3560.0	963.0	4494.0	3923.0	640.0	4934.0	6501.0	5016.0	3164.0	3432.0	232.0	386.0	246.0	2065.0	78142.6
6060/	811.0	763.0	2765.0	1522.0	321.0	2923.0	5041.0	2625.0	891.0	4005.0	2469.0	3275.0	1692.0	2998.0	628.0	1500.0	1858.0	746.0	1323.0	1501.0	3419.0	1365.0	4960.0	3440.0	567.0	5094.0	6718.0	4442.0	3094.0	4165.0	210.0	527.0	248.0	2213.0	80115.9
6102/	964.0	1085.0	2481.0	1488.0	300.0	2779.0	5413.0	2738.0	820.0	4212.0	2547.0	3283.0	1868.0	3389.0	734.0	1733.0	1643.0	774.0	1608.0	1477.0	3914.0	1334.0	5479.0	3686.0	791.0	6533.0	6922.0	5104.0	3669.0	2814.0	287.0	386.0	320.0	2451.0	85025.8
6103/	759.0	854.0	2115.0	1801.0	369.0	3144.0	5911.0	3462.0	987.0	5047.0	2604.0	3335.0	2139.0	3848.0	750.0	1523.0	1386.0	867.0	1626.0	1774.0	4214.0	1414.0	5378.0	4013.0	757.0	6780.0	8006.0	7110.0	3729.0	3772.0	284.0	457.0	337.0	2577.0	93131.2
6105/	1059.0	531.0	2527.0	1675.0	465.0	2977.0	6662.0	2860.0	869.0	4767.0	3110.0	3146.0	1804.0	3856.0	845.0	1664.0	1396.0	858.0	1579.0	1619.0	4142.0	1042.0	4897.0	3846.0	653.0	6690.0	8494.0	5612.0	4265.0	3343.0	249.0	530.0	437.0	2359.0	90828.2
6138/	718.0	665.0	1854.0	1347.0	282.0	2865.0	4502.0	2404.0	678.0	3896.0	2099.0	2751.0	1768.0	2658.0	624.0	1454.0	1089.0	714.0	1102.0	1136.0	3532.0	869.0	4331.0	3379.0	582.0	4905.0	5714.0	4397.0	2958.0	3532.0	214.0	360.0	262.0	1628.0	71267.5
6149/	1406.0	960.0	2337.0	1769.0	350.0	3796.0	6775.0	3139.0	1067.0	4429.0	2805.0	2942.0	1995.0	3883.0	845.0	1482.0	1414.0	797.0	1641.0	1548.0	4512.0	1282.0	5307.0	3990.0	725.0	6278.0	6867.0	5880.0	4309.0	3960.0	257.0	502.0	418.0	2201.0	91869.1
6162/	757.0	592.0	2435.0	1250.0	229.0	2227.0	3939.0	2204.0	744.0	3996.0	1734.0	2804.0	1350.0	2514.0	568.0	1276.0	1289.0	508.0	1205.0	1605.0	3523.0	940.0	4125.0	3177.0	490.0	4119.0	5672.0	4169.0	2815.0	2944.0	220.0	307.0	247.0	2066.0	68038.1
6163/	1001.0	876.0	3115.0	1310.0	241.0	3346.0	5532.0	3117.0	923.0	4604.0	2263.0	3036.0	1761.0	3436.0	754.0	1397.0	1714.0	508.0	1478.0	1197.0	4050.0	1115.0	4777.0	4135.0	669.0	5811.0	6906.0	5282.0	3678.0	3909.0	315.0	322.0	324.0	2280.0	85180.5
6165/	957.0	804.0	3428.0	1606.0	369.0	3952.0	7108.0	3401.0	963.0	5403.0	2655.0	3539.0	2168.0	3833.0	876.0	2114.0	1759.0	853.0	1804.0	1681.0	4203.0	1312.0	5863.0	4456.0	893.0	8072.0	8569.0	5909.0	3956.0	3662.0	317.0	390.0	384.0	2902.0	100163.0
6167/	889.0	678.0	1716.0	1196.0	281.0	2970.0	4912.0	3073.0	671.0	4881.0	2128.0	2716.0	1543.0	3353.0	576.0	1472.0	1518.0	746.0	1248.0	1430.0	3328.0	1022.0	4776.0	3704.0	577.0	5430.0	6474.0	5599.0	3179.0	3634.0	294.0	419.0	293.0	1773.0	78499.6
6199/	962.0	660.0	1761.0	1531.0	397.0	3448.0	5537.0	2301.0	877.0	4606.0	1824.0	2646.0	1595.0	2667.0	608.0	1435.0	1499.0	747.0	1650.0	1337.0	3890.0	1067.0	4782.0	3297.0	663.0	5377.0	6582.0	5732.0	3432.0	3333.0	424.0	467.0	426.0	2066.0	79627.3
6226/	976.0	1056.0	1990.0	1228.0	232.0	3365.0	5126.0	2873.0	1012.0	4144.0	2691.0	2461.0	1552.0	3199.0	766.0	1586.0	1404.0	785.0	1279.0	1000.0	3732.0	1210.0	4938.0	3847.0	774.0	5878.0	6880.0	5970.0	3603.0	4164.0	228.0	357.0	347.0	2233.0	82886.3
6227/	996.0	851.0	2257.0	1622.0	340.0	3610.0	4590.0	3387.0	1001.0	4583.0	2615.0	3400.0	1764.0	3429.0	752.0	1898.0	1517.0	707.0	1743.0	1710.0	4229.0	1426.0	5360.0	4135.0	774.0	6126.0	7957.0	6303.0	3647.0	4217.0	339.0	367.0	402.0	2324.0	90378.5
6228/	942.0	970.0	2215.0	1738.0	295.0	3555.0	5813.0	3777.0	1108.0	4964.0	2439.0	3818.0	1851.0	3855.0	770.0	1821.0	1245.0	793.0	1693.0	1956.0	4674.0	1536.0	5192.0	4349.0	872.0	6719.0	7523.0	5277.0	3491.0	3965.0	287.0	440.0	375.0	2464.0	92784.3
6229/	902.0	1094.0	3014.0	1734.0	429.0	3803.0	6479.0	2789.0	1417.0	5535.0	3062.0	3328.0	1984.0	3239.0	858.0	1592.0	1797.0	919.0	1755.0	1675.0	4179.0	1290.0	5981.0	5046.0	1050.0	7689.0	8678.0	6617.0	4423.0	4717.0	329.0	420.0	413.0	2752.0	100992.0
6291/	635.0	662.0	1596.0	1108.0	319.0	2437.0	3854.0	2232.0	704.0	3482.0	1605.0	2325.0	1346.0	2326.0	541.0	1013.0	1508.0	496.0	1373.0	929.0	3217.0	937.0	3605.0	3255.0	350.0	3500.0	5354.0	3833.0	2956.0	3428.0	262.0	281.0	360.0	1824.0	63650.3
6347/	760.0	673.0	1919.0	1532.0	369.0	3208.0	4922.0	3212.0	899.0	5074.0	2383.0	3102.0	1764.0	3111.0	603.0	1446.0	1433.0	771.0	1378.0	1334.0	4251.0	889.0	5191.0	3835.0	762.0	5702.0	7451.0	5514.0	3585.0	4088.0	281.0	499.0	423.0	2619.0	84981.8
6348/	850.0	658.0	1677.0	1540.0	295.0	3137.0	5412.0	3266.0	818.0	4427.0	2296.0	2975.0	1765.0	2903.0	648.0	1363.0	1361.0	722.0	1613.0	1348.0	3912.0	926.0	5137.0	3886.0	695.0	4782.0	6527.0	5380.0	3042.0	3040.0	317.0	482.0	320.0	2134.0	79653.0
6503/	908.0	556.0	2355.0	1775.0	464.0	4176.0	5456.0	3227.0	727.0	6729.0	2581.0	3163.0	2063.0	3297.0	723.0	1815.0	1653.0	739.0	1542.0	1691.0	4474.0	1033.0	5127.0	4354.0	447.0	5888.0	8249.0	6495.0	4068.0	4902.0	304.0	512.0	466.0	2468.0	94427.3
6512/	766.0	702.0	1723.0	1198.0	318.0	3245.0	4897.0	2558.0	1030.0	4167.0	2059.0	2870.0	1600.0	2891.0	761.0	1501.0	1252.0	682.0	1582.0	1362.0	3714.0	1261.0	4632.0	3395.0	575.0	5600.0	6542.0	5894.0	3601.0	3237.0	278.0	333.0	368.0	2273.0	78867.6
6613/	788.0	1024.0	2807.0	1580.0	289.0	3544.0	6369.0	3846.0	1071.0	5300.0	2707.0	3166.0	2221.0	3823.0	678.0	1964.0	1560.0	857.0	1476.0	1398.0	4003.0	1308.0	6050.0	4774.0	774.0	6695.0	7737.0	6175.0	3723.0	3858.0	400.0	383.0	298.0	2310.0	94957.9
6636/	397.0	105.0	1005.0	462.0	247.0	1120.0	2693.0	924.0	770.0	1442.0	1135.0	1090.0	244.0	1679.0	367.0	949.0	792.0	391.0	670.0	514.0	2059.0	612.0	2330.0	2170.0	11.0	2379.0	2897.0	2977.0	1097.0	1995.0	111.0	209.0	152.0	992.0	36987.7
6685/	287.0	59.0	526.0	424.0	332.0	675.0	1777.0	606.0	125.0	1072.0	739.0	649.0	291.0	728.0	488.0	58.0	350.0	187.0	342.0	436.0	1143.0	0.0	1089.0	1362.0	147.0	1408.0	544.0	1974.0	938.0	836.0	68.0	37.0	26.0	680.0	20403.0
6712/	825.0	777.0	2158.0	1228.0	323.0	2715.0	4850.0	2279.0	734.0	3477.0	1679.0	2705.0	1530.0	2706.0	560.0	1427.0	978.0	572.0	1085.0	1581.0	3476.0	1065.0	3984.0	3506.0	579.0	4797.0	5561.0	4888.0	2760.0	2847.0	220.0	438.0	218.0	1727.0	70255.7
6730/	1099.0	853.0	2410.0	1307.0	245.0	2764.0	5415.0	3092.0	884.0	4018.0	2386.0	2316.0	1738.0	3422.0	755.0	1551.0	1749.0	784.0	1370.0	1092.0	3730.0	1176.0	4462.0	3657.0	641.0	5088.0	6674.0	5250.0	3680.0	3804.0	249.0	376.0	391.0	2213.0	80640.1
6731/	1054.0	690.0	2695.0	1474.0	451.0	3490.0	5821.0	2829.0	986.0	4455.0	2279.0	2850.0	1796.0	3460.0	875.0	1389.0	1691.0	789.0	1644.0	1417.0	4226.0	995.0	4931.0	4492.0	778.0	5924.0	7622.0	5717.0	3861.0	3805.0	336.0	454.0	327.0	2259.0	87862.7
6732/	848.0	942.0	2445.0	1427.0	251.0	2182.0	5369.0	2627.0	910.0	4439.0	2598.0	3190.0	1669.0	3039.0	594.0	1656.0	1526.0	621.0	1277.0	1350.0	3516.0	1258.0	4869.0	3935.0	951.0	5743.0	7210.0	5070.0	3323.0	3674.0	282.0	369.0	326.0	1982.0	81467.7
6738/	1299.0	977.0	3274.0	1778.0	402.0	3934.0	6209.0	3239.0	1341.0	6138.0	3122.0	3879.0	2177.0	3927.0	706.0	1618.0	1660.0	927.0	1630.0	1991.0	4727.0	1568.0	6539.0	4502.0	867.0	7578.0	8975.0	6338.0	4908.0	4504.0	342.0	382.0	423.0	2642.0	104524.0
6741/	958.0	839.0	1849.0	1658.0	310.0	3114.0	4695.0	2757.0	1096.0	4690.0	2858.0	3102.0	1940.0	3400.0	600.0	1797.0	1415.0	782.0	1982.0	1820.0	3985.0	1322.0	5610.0	3913.0	785.0	5586.0	7947.0	5228.0	3554.0	3942.0	276.0	394.0	445.0	2209.0	86857.9
6752/	326.0	85.0	686.0	334.0	0.0	720.0	2562.0	961.0	16.0	2121.0	459.0	247.0	308.0	1220.0	0.0	613.0	485.0	200.0	434.0	263.0	1459.0	199.0	1621.0	954.0	210.0	1553.0	1684.0	2370.0	858.0	1176.0	139.0	2.0	63.0	378.0	24708.6
6802/	867.0	704.0	2707.0	1846.0	375.0	3462.0	5377.0	2622.0	894.0	4874.0	2759.0	3178.0	1743.0	3011.0	618.0	1652.0	1570.0	865.0	1918.0	1872.0	4146.0	1259.0	5480.0	3960.0	690.0	6114.0	7290.0	5842.0	3253.0	3138.0	321.0	451.0	331.0	2163.0	87349.7
6863/	973.0	863.0	3008.0	1613.0	409.0	3853.0	5275.0	2748.0	934.0	5556.0	2825.0	2677.0	1808.0	3469.0	675.0	1598.0	1349.0	782.0	1303.0	1301.0	4244.0	996.0	5149.0	4443.0	883.0	6965.0	6767.0	6629.0	3598.0	4447.0	348.0	304.0	366.0	2219.0	90373.0
6888/	955.0	738.0	2212.0	1693.0	285.0	3075.0	5934.0	3254.0	696.0	4900.0	2858.0	3041.0	1876.0	3440.0	790.0	1912.0	1313.0	870.0	1476.0	1601.0	4459.0	1080.0	5732.0	4295.0	700.0	6732.0	7501.0	6027.0	3864.0	3702.0	326.0	439.0	374.0	2296.0	90446.4
6908/	804.0	619.0	2443.0	1423.0	284.0	2852.0	5186.0	2797.0	898.0	4699.0	2320.0	2884.0	1884.0	3484.0	529.0	1875.0	1713.0	772.0	1528.0	1236.0	4103.0	1192.0	5365.0	3371.0	562.0	6420.0	7760.0	5774.0	3404.0	3491.0	302.0	327.0	295.0	2593.0	85187.4
6909/	752.0	817.0	2138.0	1364.0	285.0	2977.0	4489.0	2598.0	880.0	4208.0	2719.0	2925.0	1761.0	2980.0	724.0	1302.0	1439.0	889.0	1832.0	1190.0	3500.0	1253.0	5060.0	3796.0	713.0	5300.0	6774.0	4553.0	3522.0	3834.0	265.0	385.0	431.0	2315.0	79969.9
6955/	1053.0	805.0	2263.0	1130.0	482.0	3438.0	6026.0	3541.0	1066.0	6026.0	2271.0	3822.0	1875.0	3675.0	767.0	1807.0	1565.0	878.0	1790.0	1644.0	4097.0	1428.0	5039.0	4050.0	673.0	6235.0	7923.0	6091.0	3612.0	3833.0	283.0	483.0	273.0	2523.0	92467.2
6957/	1022.0	799.0	1817.0	1068.0	330.0	2875.0	4917.0	2744.0	724.0	3492.0	2205.0	2993.0	1556.0	2959.0	596.0	1228.0	1173.0	708.0	1132.0	1230.0	3645.0	908.0	4413.0	3357.0	690.0	4493.0	6048.0	4885.0	3680.0	3466.0	171.0	414.0	288.0	2111.0	74136.5
6958/	989.0	833.0	1798.0	1447.0	321.0	3093.0	5440.0	2923.0	854.0	4921.0	2105.0	3022.0	1737.0	3243.0	683.0	1541.0	1285.0	733.0	1671.0	1537.0	3420.0	1057.0	4602.0	3321.0	601.0	5566.0	7423.0	4828.0	3905.0	3635.0	292.0	438.0	335.0	2266.0	81865.9
6964/	967.0	710.0	1940.0	1133.0	326.0	2575.0	5758.0	2618.0	829.0	4090.0	2863.0	2762.0	1631.0	3101.0	656.0	1186.0	1520.0	696.0	1138.0	1025.0	3560.0	908.0	4294.0	3357.0	672.0	4879.0	6539.0	4272.0	3182.0	3233.0	227.0	414.0	306.0	2135.0	75501.3
6965/	1056.0	871.0	2237.0	1516.0	326.0	3840.0	7065.0	3544.0	1151.0	4733.0	2855.0	3004.0	2022.0	3804.0	925.0	1768.0	1738.0	922.0	1551.0	1418.0	4139.0	1630.0	5608.0	4577.0	677.0	5936.0	8224.0	6123.0	3851.0	4444.0	332.0	407.0	404.0	2373.0	95069.4
6983/	941.0	841.0	2027.0	1749.0	330.0	3515.0	6026.0	3305.0	1057.0	4443.0	2930.0	3566.0	1890.0	3669.0	661.0	1534.0	1200.0	855.0	1660.0	2029.0	4487.0	1322.0	5370.0	4216.0	633.0	7107.0	6564.0	6105.0	3896.0	3231.0	295.0	399.0	409.0	2138.0	90398.7
6985/	935.0	817.0	1877.0	1291.0	329.0	2615.0	5791.0	2977.0	731.0	4178.0	2424.0	2941.0	1663.0	3281.0	627.0	1410.0	1445.0	753.0	1427.0	1434.0	3293.0	1050.0	4594.0	3769.0	654.0	5212.0	6779.0	4896.0	3421.0	3386.0	242.0	317.0	240.0	2344.0	79144.9
7041/	132.0	74.0	211.0	0.0	0.0	0.0	807.0	16.0	0.0	678.0	337.0	0.0	194.0	233.0	0.0	184.0	147.0	66.0	142.0	0.0	511.0	67.0	605.0	174.0	85.0	486.0	798.0	585.0	250.0	463.0	1.0	0.0	20.0	352.0	7616.9
7055/	320.0	0.0	475.0	0.0	0.0	68.0	1057.0	138.0	0.0	866.0	296.0	87.0	88.0	364.0	0.0	29.0	309.0	102.0	197.0	8.0	819.0	0.0	1508.0	20.0	10.0	1219.0	837.0	1010.0	561.0	773.0	0.0	8.0	19.0	562.0	11750.6
7105/	723.0	1010.0	2116.0	1442.0	241.0	2459.0	4366.0	2392.0	845.0	4197.0	2254.0	2787.0	1475.0	2808.0	465.0	1264.0	1370.0	717.0	1209.0	1689.0	3745.0	1136.0	4882.0	3011.0	672.0	4751.0	5677.0	4867.0	3334.0	2732.0	200.0	371.0	257.0	1988.0	73451.6
7106/	973.0	612.0	1485.0	1226.0	252.0	2597.0	4374.0	2778.0	910.0	3652.0	2124.0	2531.0	1619.0	3292.0	649.0	1334.0	1203.0	749.0	1874.0	1240.0	3535.0	1008.0	4931.0	3134.0	554.0	4942.0	7318.0	4777.0	3284.0	3381.0	254.0	369.0	317.0	2299.0	75577.6
7108/	885.0	826.0	1760.0	887.0	292.0	2994.0	5331.0	2462.0	958.0	4250.0	2165.0	3345.0	1652.0	3165.0	723.0	1301.0	1381.0	744.0	1163.0	1240.0	3926.0	1046.0	4730.0	4268.0	792.0	5132.0	5897.0	5863.0	3652.0	3038.0	296.0	417.0	362.0	1879.0	78819.6
7118/	375.0	86.0	867.0	0.0	109.0	262.0	1023.0	320.0	0.0	4.0	521.0	6.0	0.0	792.0	35.0	0.0	436.0	180.0	436.0	0.0	961.0	43.0	1115.0	0.0	0.0	1634.0	1510.0	453.0	1133.0	1194.0	17.0	73.0	135.0	971.0	14693.6
7148/	223.0	0.0	365.0	117.0	384.0	413.0	1185.0	462.0	0.0	977.0	653.0	144.0	795.0	619.0	7.0	480.0	369.0	79.0	300.0	53.0	991.0	97.0	1349.0	465.0	227.0	903.0	1443.0	1350.0	670.0	923.0	178.0	201.0	80.0	778.0	17282.5
7151/	1077.0	849.0	1725.0	1624.0	311.0	3718.0	6227.0	3077.0	970.0	4969.0	2640.0	3194.0	2179.0	3700.0	598.0	1430.0	1731.0	827.0	1655.0	1554.0	4101.0	1296.0	5426.0	4235.0	815.0	5467.0	7947.0	5934.0	4131.0	3446.0	300.0	413.0	382.0	2275.0	90221.8
7152/	749.0	559.0	1785.0	1315.0	251.0	2469.0	4274.0	2488.0	877.0	4680.0	2502.0	2750.0	1829.0	2783.0	551.0	1425.0	1090.0	776.0	1327.0	1494.0	3493.0	1022.0	4038.0	3184.0	656.0	4715.0	6222.0	4574.0	3044.0	3208.0	248.0	442.0	325.0	2214.0	73359.8
7163/	1005.0	622.0	2221.0	1734.0	177.0	3524.0	6877.0	3149.0	939.0	5613.0	2492.0	3096.0	1731.0	3967.0	744.0	1614.0	1646.0	749.0	1712.0	1481.0	4270.0	1124.0	5107.0	3814.0	743.0	7401.0	7952.0	5457.0	3861.0	3384.0	280.0	379.0	398.0	2138.0	91401.9
7168/	1327.0	859.0	2844.0	1614.0	310.0	3007.0	7126.0	3492.0	1142.0	5936.0	3144.0	3731.0	2138.0	4187.0	823.0	2142.0	1590.0	968.0	1285.0	1477.0	4398.0	1299.0	5423.0	3689.0	866.0	7311.0	9449.0	6061.0	4513.0	4169.0	391.0	601.0	376.0	2299.0	99985.7
7170/	1441.0	1303.0	2995.0	1397.0	362.0	3782.0	6315.0	3534.0	1105.0	5757.0	2783.0	2563.0	2091.0	3824.0	731.0	1830.0	1607.0	935.0	1588.0	1312.0	4410.0	1403.0	5289.0	4471.0	1021.0	7173.0	7619.0	5413.0	3913.0	3895.0	290.0	379.0	446.0	2437.0	95412.9
7206/	953.0	633.0	1926.0	1184.0	384.0	3174.0	5173.0	2783.0	803.0	3693.0	2583.0	2804.0	1754.0	3076.0	705.0	1338.0	1164.0	892.0	1469.0	1272.0	3522.0	1195.0	4316.0	3240.0	550.0	5398.0	6264.0	5624.0	3624.0	4271.0	226.0	399.0	317.0	1888.0	78599.0
7207/	1020.0	634.0	2080.0	1379.0	316.0	3067.0	4924.0	2528.0	717.0	4251.0	2691.0	3093.0	1827.0	3059.0	689.0	1494.0	1500.0	911.0	1556.0	1441.0	3547.0	1114.0	4071.0	3989.0	701.0	5540.0	6680.0	5014.0	3857.0	3675.0	254.0	327.0	356.0	1845.0	80147.2
7229/	1183.0	541.0	2243.0	1374.0	247.0	2669.0	5428.0	3264.0	812.0	4068.0	2547.0	3196.0	1925.0	3585.0	657.0	1744.0	1673.0	669.0	1688.0	1405.0	4147.0	1227.0	4545.0	3854.0	506.0	4979.0	7980.0	5062.0	3782.0	3569.0	313.0	370.0	329.0	1908.0	83489.5
7230/	1197.0	636.0	2834.0	1799.0	293.0	3122.0	6479.0	2704.0	899.0	4886.0	2652.0	3633.0	1784.0	3321.0	809.0	1913.0	1643.0	802.0	1724.0	1951.0	4753.0	1213.0	5935.0	3492.0	596.0	5468.0	7908.0	5760.0	4129.0	4760.0	278.0	353.0	411.0	2117.0	92255.4
7286/	1013.0	587.0	2497.0	1452.0	536.0	3340.0	4949.0	3002.0	1008.0	4370.0	2609.0	2917.0	1999.0	3249.0	601.0	1321.0	1647.0	859.0	1499.0	1328.0	4052.0	1122.0	4906.0	3906.0	707.0	5793.0	7095.0	5768.0	3833.0	5009.0	348.0	496.0	374.0	2301.0	86490.3
7287/	1039.0	598.0	2743.0	1468.0	417.0	3296.0	5154.0	3387.0	857.0	4673.0	2938.0	3030.0	2208.0	3980.0	633.0	1430.0	1649.0	889.0	2015.0	1454.0	4340.0	1347.0	5568.0	5008.0	663.0	6955.0	8045.0	5825.0	4480.0	5126.0	253.0	380.0	464.0	2848.0	95161.4
7289/	951.0	863.0	2278.0	1588.0	225.0	3205.0	5277.0	2885.0	943.0	3994.0	2775.0	3402.0	2150.0	3551.0	670.0	1470.0	1654.0	901.0	1854.0	1658.0	4196.0	1331.0	4747.0	4141.0	710.0	6418.0	6874.0	5760.0	3914.0	4044.0	248.0	446.0	407.0	2541.0	88069.6
7290/	832.0	554.0	1607.0	1237.0	302.0	2468.0	4240.0	2198.0	690.0	3572.0	2251.0	2299.0	1974.0	2616.0	570.0	1309.0	1364.0	707.0	1323.0	1405.0	3295.0	834.0	4661.0	3336.0	520.0	5019.0	7390.0	4651.0	3341.0	3393.0	245.0	414.0	323.0	1982.0	72923.7
7293/	855.0	565.0	2639.0	1376.0	275.0	3069.0	4431.0	3155.0	803.0	4466.0	2093.0	2563.0	1594.0	2784.0	549.0	1387.0	1483.0	635.0	1576.0	1341.0	4076.0	989.0	4627.0	3733.0	592.0	5432.0	6418.0	5556.0	3268.0	3978.0	329.0	447.0	281.0	2149.0	79513.3
7321/	848.0	1019.0	2132.0	1366.0	386.0	2812.0	5704.0	3181.0	992.0	4237.0	2632.0	3234.0	1583.0	3457.0	657.0	1479.0	1050.0	959.0	1354.0	1378.0	3848.0	1396.0	4667.0	3868.0	754.0	7144.0	6583.0	5324.0	3323.0	3077.0	287.0	370.0	265.0	2509.0	83876.9
7341/	1032.0	590.0	2230.0	1672.0	352.0	3035.0	5170.0	2883.0	826.0	4107.0	2371.0	3223.0	1767.0	3218.0	511.0	1673.0	1729.0	680.0	1517.0	1626.0	3400.0	1093.0	4713.0	3562.0	612.0	5268.0	7729.0	5410.0	3370.0	3298.0	275.0	409.0	318.0	1966.0	81637.4
7359/	27.0	0.0	762.0	195.0	12.0	0.0	809.0	0.0	0.0	0.0	261.0	47.0	431.0	0.0	0.0	41.0	483.0	0.0	199.0	223.0	1664.0	0.0	1907.0	633.0	56.0	1374.0	1045.0	1411.0	163.0	1362.0	51.0	0.0	51.0	1016.0	14223.7
7366/	943.0	788.0	2334.0	1498.0	358.0	3886.0	5909.0	3192.0	791.0	3975.0	2393.0	2916.0	2041.0	3683.0	739.0	2040.0	1343.0	772.0	1538.0	1573.0	4880.0	1131.0	5489.0	3192.0	693.0	6567.0	6992.0	4441.0	4294.0	4046.0	384.0	390.0	384.0	2630.0	88226.7
7367/	1248.0	927.0	2666.0	1549.0	369.0	4159.0	7149.0	4436.0	1327.0	5365.0	3090.0	3510.0	2043.0	4084.0	962.0	1539.0	2082.0	853.0	1804.0	1641.0	4774.0	1410.0	5071.0	4938.0	882.0	6849.0	7987.0	7369.0	3844.0	5005.0	267.0	465.0	379.0	2957.0	103000.0
7368/	939.0	817.0	2709.0	1693.0	354.0	3203.0	7184.0	3791.0	929.0	4731.0	2877.0	3064.0	1882.0	4278.0	790.0	1722.0	1207.0	897.0	1556.0	1498.0	4465.0	1361.0	5161.0	3630.0	666.0	6842.0	6981.0	6321.0	4056.0	3686.0	256.0	423.0	294.0	2318.0	92579.1
7515/	232.0	3.0	497.0	303.0	334.0	725.0	2866.0	504.0	5.0	1545.0	846.0	396.0	789.0	958.0	638.0	144.0	616.0	151.0	205.0	182.0	1329.0	0.0	1477.0	190.0	333.0	1162.0	1039.0	1818.0	990.0	1353.0	69.0	197.0	72.0	875.0	22844.1
7516/	907.0	603.0	2301.0	1769.0	455.0	2997.0	5098.0	2805.0	887.0	5100.0	2561.0	3377.0	2018.0	3167.0	653.0	1900.0	1434.0	704.0	1642.0	1739.0	4499.0	1201.0	4715.0	4235.0	675.0	6153.0	7574.0	5219.0	3512.0	3976.0	310.0	411.0	405.0	2423.0	87426.4
7576/	284.0	129.0	300.0	69.0	291.0	265.0	900.0	402.0	0.0	592.0	423.0	82.0	356.0	393.0	59.0	181.0	171.0	81.0	200.0	116.0	728.0	0.0	770.0	396.0	141.0	615.0	951.0	1011.0	411.0	654.0	14.0	89.0	17.0	689.0	11779.4
7581/	297.0	62.0	832.0	507.0	25.0	1151.0	2444.0	966.0	397.0	1772.0	1065.0	940.0	1253.0	1309.0	110.0	589.0	767.0	259.0	1231.0	500.0	1756.0	213.0	2226.0	1923.0	176.0	2974.0	2395.0	2634.0	1290.0	1714.0	95.0	108.0	100.0	942.0	35019.9
7620/	293.0	87.0	804.0	544.0	226.0	1375.0	2626.0	1215.0	408.0	1649.0	984.0	893.0	615.0	1482.0	511.0	994.0	417.0	245.0	515.0	432.0	1822.0	203.0	1891.0	1613.0	127.0	1853.0	3274.0	3077.0	1143.0	1744.0	249.0	221.0	111.0	1206.0	34846.9
7636/	70.0	0.0	286.0	162.0	0.0	111.0	749.0	96.0	36.0	903.0	413.0	418.0	90.0	122.0	6.0	186.0	244.0	95.0	260.0	220.0	848.0	0.0	1167.0	530.0	4.0	850.0	1160.0	1009.0	284.0	818.0	44.0	0.0	80.0	462.0	11721.5
7690/	675.0	873.0	2524.0	1648.0	372.0	2862.0	4663.0	3211.0	1012.0	5412.0	2822.0	3202.0	1827.0	3056.0	611.0	1502.0	1353.0	778.0	1680.0	1623.0	3968.0	1020.0	5102.0	4102.0	550.0	5570.0	6609.0	4919.0	3340.0	4011.0	255.0	419.0	410.0	2230.0	84209.7
7802/	805.0	851.0	2713.0	1442.0	317.0	2914.0	4375.0	3570.0	1039.0	4600.0	2820.0	2952.0	1933.0	3574.0	691.0	1690.0	1462.0	693.0	1722.0	1491.0	4424.0	1089.0	5598.0	4197.0	971.0	6179.0	7027.0	6325.0	4194.0	4226.0	234.0	408.0	459.0	2498.0	89484.4
7803/	894.0	874.0	2712.0	1531.0	240.0	3223.0	4909.0	3107.0	948.0	5218.0	2896.0	2828.0	1843.0	3225.0	666.0	1552.0	1903.0	782.0	1482.0	1361.0	4040.0	1414.0	4850.0	3738.0	665.0	6115.0	8305.0	5704.0	4125.0	3750.0	310.0	447.0	427.0	2680.0	88761.2
7831/	198.0	809.0	393.0	190.0	12.0	34.0	1389.0	118.0	265.0	634.0	494.0	314.0	408.0	187.0	32.0	381.0	400.0	132.0	224.0	161.0	928.0	717.0	1024.0	779.0	406.0	896.0	1264.0	1143.0	455.0	1003.0	59.0	135.0	25.0	643.0	16253.1
7895/	853.0	539.0	1838.0	1005.0	315.0	2721.0	4511.0	2232.0	724.0	3893.0	1927.0	2587.0	1306.0	2559.0	508.0	1040.0	946.0	496.0	1255.0	1001.0	3342.0	747.0	4523.0	3094.0	559.0	4490.0	5074.0	4091.0	2925.0	2705.0	180.0	298.0	299.0	1693.0	66277.1
7904/	836.0	682.0	2125.0	1415.0	384.0	3461.0	4728.0	2902.0	790.0	5034.0	2045.0	2917.0	1469.0	3371.0	529.0	1495.0	1239.0	650.0	1233.0	1665.0	3898.0	1092.0	4951.0	3701.0	490.0	5156.0	6470.0	5035.0	3361.0	3840.0	266.0	407.0	335.0	1887.0	79859.2
7906/	913.0	664.0	1938.0	1228.0	269.0	2549.0	4404.0	2459.0	736.0	4574.0	2176.0	2507.0	1690.0	3140.0	613.0	1383.0	1220.0	798.0	1309.0	1202.0	3443.0	981.0	4288.0	3626.0	656.0	5283.0	6259.0	4730.0	3274.0	3373.0	269.0	423.0	242.0	1813.0	74432.7
7953/	846.0	813.0	2608.0	1333.0	261.0	2681.0	4584.0	2469.0	774.0	4697.0	2676.0	2671.0	1700.0	2745.0	575.0	1787.0	1528.0	679.0	1587.0	1208.0	3487.0	1051.0	4930.0	3450.0	773.0	5496.0	6998.0	5031.0	3526.0	3161.0	219.0	352.0	298.0	1919.0	78913.6
7954/	1058.0	743.0	2616.0	1641.0	293.0	2976.0	6009.0	3161.0	1070.0	5436.0	2468.0	3137.0	1569.0	3642.0	679.0	1694.0	1452.0	768.0	1367.0	1467.0	4239.0	1184.0	5814.0	3683.0	937.0	6937.0	7708.0	5985.0	3939.0	3910.0	343.0	388.0	378.0	2175.0	90867.0
7965/	600.0	4.0	873.0	2.0	0.0	59.0	3507.0	295.0	0.0	1519.0	193.0	0.0	478.0	414.0	0.0	73.0	294.0	59.0	160.0	0.0	2164.0	0.0	1862.0	13.0	108.0	1100.0	1722.0	1582.0	654.0	4200.0	27.0	0.0	26.0	383.0	22372.6
8155/	847.0	620.0	2132.0	1362.0	327.0	3116.0	5110.0	2733.0	695.0	4643.0	2433.0	2858.0	1739.0	3126.0	630.0	1553.0	1320.0	771.0	1604.0	1296.0	3867.0	879.0	4530.0	3863.0	616.0	6652.0	7080.0	5378.0	3404.0	3708.0	250.0	462.0	356.0	2247.0	82208.3
8231/	1133.0	745.0	2228.0	1614.0	327.0	3657.0	6677.0	3029.0	1048.0	4562.0	2513.0	2885.0	1789.0	3825.0	722.0	1802.0	1573.0	913.0	1476.0	1270.0	4022.0	1478.0	4798.0	3746.0	459.0	5860.0	8323.0	4876.0	3938.0	3784.0	290.0	414.0	372.0	2247.0	88393.8
8307/	329.0	1.0	582.0	366.0	55.0	851.0	1413.0	979.0	148.0	1353.0	689.0	650.0	486.0	1107.0	70.0	531.0	469.0	175.0	449.0	245.0	1168.0	17.0	1359.0	683.0	316.0	2597.0	3570.0	1218.0	1046.0	1216.0	66.0	132.0	53.0	534.0	24921.8
8350/	276.0	50.0	555.0	450.0	206.0	943.0	2303.0	852.0	7.0	1354.0	679.0	725.0	499.0	869.0	209.0	823.0	585.0	306.0	303.0	292.0	1884.0	6.0	1933.0	1738.0	55.0	1377.0	2121.0	2297.0	1146.0	2030.0	81.0	224.0	137.0	985.0	28303.4
