rh.aparc.volume	rh_bankssts_volume	rh_caudalanteriorcingulate_volume	rh_caudalmiddlefrontal_volume	rh_cuneus_volume	rh_entorhinal_volume	rh_fusiform_volume	rh_inferiorparietal_volume	rh_inferiortemporal_volume	rh_isthmuscingulate_volume	rh_lateraloccipital_volume	rh_lateralorbitofrontal_volume	rh_lingual_volume	rh_medialorbitofrontal_volume	rh_middletemporal_volume	rh_parahippocampal_volume	rh_paracentral_volume	rh_parsopercularis_volume	rh_parsorbitalis_volume	rh_parstriangularis_volume	rh_pericalcarine_volume	rh_postcentral_volume	rh_posteriorcingulate_volume	rh_precentral_volume	rh_precuneus_volume	rh_rostralanteriorcingulate_volume	rh_rostralmiddlefrontal_volume	rh_superiorfrontal_volume	rh_superiorparietal_volume	rh_superiortemporal_volume	rh_supramarginal_volume	rh_frontalpole_volume	rh_temporalpole_volume	rh_transversetemporal_volume	rh_insula_volume
10398/	2116.0	1925.0	5737.0	2890.0	1219.0	9229.0	11994.0	10030.0	2176.0	12558.0	6985.0	5627.0	4677.0	11338.0	1823.0	3578.0	5225.0	2445.0	4503.0	1900.0	6845.0	2576.0	11521.0	9627.0	1744.0	12861.0	20522.0	12535.0	10244.0	9368.0	979.0	2750.0	910.0	6504.0
10423/	2082.0	1343.0	8177.0	3770.0	1446.0	10797.0	15618.0	8865.0	2373.0	13677.0	6076.0	7023.0	5948.0	10656.0	1693.0	3795.0	4802.0	2311.0	5130.0	2400.0	8727.0	3103.0	12061.0	10466.0	1917.0	16528.0	21327.0	13853.0	10456.0	8469.0	1323.0	2320.0	1089.0	7216.0
10524/	2199.0	2862.0	6270.0	3726.0	1727.0	11893.0	16207.0	10105.0	2773.0	13497.0	6576.0	8135.0	4986.0	12898.0	2656.0	3731.0	5437.0	2073.0	4375.0	2840.0	8836.0	3439.0	14304.0	10333.0	2896.0	16165.0	24872.0	14249.0	12386.0	10708.0	990.0	2286.0	903.0	6628.0
10536/	2093.0	2287.0	7084.0	3205.0	1480.0	12252.0	16301.0	8626.0	2572.0	13592.0	7255.0	8565.0	5057.0	12438.0	2516.0	3361.0	4812.0	2409.0	4483.0	2756.0	8478.0	2602.0	13170.0	10333.0	1695.0	14166.0	21248.0	14091.0	11739.0	9255.0	823.0	1791.0	724.0	5884.0
10547/	2917.0	2574.0	6422.0	3744.0	1811.0	10064.0	18922.0	13308.0	2841.0	14863.0	9025.0	7609.0	6638.0	15123.0	1950.0	3454.0	4487.0	3882.0	5433.0	3519.0	9495.0	4211.0	15587.0	11709.0	2025.0	23138.0	24126.0	17456.0	14175.0	13846.0	1165.0	2539.0	1140.0	8340.0
10563/	2292.0	1478.0	4393.0	2454.0	1191.0	9396.0	13460.0	11620.0	2047.0	8407.0	6854.0	5926.0	4678.0	13496.0	2247.0	3828.0	3349.0	2504.0	4090.0	2030.0	7923.0	3003.0	15545.0	9520.0	2042.0	14275.0	23577.0	11358.0	11526.0	10218.0	1069.0	2148.0	1113.0	6656.0
10566/	2243.0	1548.0	4423.0	2945.0	1285.0	8407.0	15505.0	8786.0	2342.0	9074.0	6703.0	6485.0	5211.0	12423.0	1884.0	4218.0	4017.0	2726.0	5339.0	1924.0	9662.0	2893.0	14468.0	9586.0	1562.0	13652.0	22274.0	11365.0	11708.0	9386.0	919.0	2270.0	843.0	5926.0
10606/	2593.0	1798.0	5677.0	3167.0	1871.0	10748.0	15244.0	10225.0	2777.0	11384.0	7182.0	6026.0	5716.0	13371.0	1953.0	4291.0	4063.0	2336.0	5461.0	1925.0	9393.0	3080.0	15041.0	10113.0	2390.0	17193.0	22830.0	12665.0	11695.0	11546.0	1253.0	2081.0	1199.0	5919.0
10620/	4040.0	2725.0	11394.0	3825.0	1648.0	11344.0	20874.0	12714.0	3955.0	13812.0	10989.0	8045.0	7964.0	17810.0	2465.0	5651.0	5165.0	3860.0	6693.0	2793.0	12448.0	4715.0	20159.0	13913.0	3437.0	23658.0	32207.0	15902.0	17102.0	14515.0	1738.0	2302.0	1099.0	7872.0
10621/	2728.0	2152.0	7265.0	3535.0	1435.0	9365.0	13393.0	9945.0	3445.0	17402.0	7112.0	5910.0	6686.0	14198.0	2607.0	3817.0	4560.0	2929.0	5857.0	2099.0	9990.0	3170.0	16287.0	9795.0	3121.0	18362.0	24976.0	15411.0	12901.0	11142.0	1229.0	2369.0	1162.0	6399.0
10667/	2366.0	2269.0	5480.0	3328.0	1618.0	11247.0	18824.0	12538.0	2519.0	11360.0	8026.0	7626.0	5479.0	13818.0	2075.0	3166.0	4930.0	3258.0	4805.0	2172.0	8770.0	2943.0	12484.0	11040.0	2365.0	18623.0	20840.0	13500.0	12196.0	11704.0	1101.0	2207.0	683.0	5824.0
10813/	2274.0	1804.0	6707.0	3537.0	1462.0	11119.0	17827.0	13071.0	2765.0	14321.0	7486.0	9288.0	6109.0	12010.0	2352.0	3565.0	5064.0	3395.0	5282.0	3192.0	10057.0	3498.0	15151.0	10526.0	2591.0	20821.0	23907.0	13538.0	10256.0	12323.0	1573.0	2238.0	814.0	6517.0
10903/	2971.0	1863.0	6990.0	2899.0	1748.0	13128.0	18321.0	13515.0	2657.0	11365.0	8373.0	7808.0	6011.0	14394.0	2622.0	3851.0	3890.0	3148.0	3989.0	2233.0	11514.0	3332.0	14555.0	12321.0	2727.0	18847.0	24702.0	15010.0	12944.0	15269.0	1393.0	3126.0	1169.0	6875.0
10943/	2403.0	2000.0	6156.0	3239.0	1389.0	10336.0	13512.0	9510.0	2421.0	11653.0	7398.0	7348.0	5014.0	11073.0	2036.0	3741.0	5047.0	2846.0	4505.0	2043.0	9000.0	3517.0	12769.0	10367.0	2578.0	16395.0	21911.0	14435.0	11561.0	11579.0	1376.0	2345.0	1107.0	6281.0
5202/	2114.0	1950.0	5997.0	3000.0	1833.0	8984.0	12441.0	9682.0	2382.0	12875.0	6849.0	5701.0	4847.0	11358.0	1980.0	3745.0	5634.0	2658.0	4148.0	2160.0	7464.0	2596.0	11669.0	10307.0	1937.0	13103.0	22132.0	13663.0	10453.0	9479.0	954.0	2743.0	879.0	6515.0
5302/	1695.0	2758.0	5604.0	3087.0	1223.0	9801.0	15138.0	8555.0	2521.0	11570.0	7855.0	6811.0	5673.0	11298.0	1848.0	3764.0	3784.0	2613.0	3994.0	2833.0	8956.0	3012.0	13645.0	10035.0	2568.0	19058.0	19149.0	13269.0	10193.0	10769.0	1360.0	2501.0	860.0	6331.0
5305/	2728.0	3090.0	5574.0	3253.0	1228.0	9786.0	13018.0	8823.0	2004.0	10530.0	6979.0	6362.0	5182.0	11097.0	1964.0	3130.0	4026.0	3031.0	4131.0	2486.0	8153.0	3063.0	11852.0	8735.0	2660.0	13590.0	18358.0	10661.0	10932.0	8968.0	982.0	2220.0	823.0	5762.0
5306/	2305.0	1980.0	7661.0	1915.0	558.0	7738.0	14412.0	7770.0	1943.0	10639.0	6734.0	6342.0	4603.0	10267.0	1518.0	3918.0	4741.0	2241.0	5171.0	1761.0	8619.0	2507.0	12569.0	8403.0	2064.0	14944.0	19004.0	10346.0	9562.0	8665.0	1254.0	1200.0	777.0	6070.0
5464/	1636.0	1678.0	5779.0	2418.0	1343.0	9493.0	11341.0	8555.0	2286.0	10252.0	5422.0	5676.0	3842.0	8981.0	1331.0	2974.0	3944.0	2172.0	3087.0	2007.0	7216.0	2547.0	10789.0	7689.0	1999.0	12895.0	17972.0	10131.0	8510.0	9237.0	964.0	1895.0	698.0	6251.0
5505/	2341.0	2089.0	5988.0	3077.0	1587.0	11141.0	15007.0	8511.0	2176.0	12703.0	7957.0	7823.0	5228.0	13751.0	2216.0	3233.0	4954.0	3280.0	4602.0	2228.0	9701.0	2953.0	13296.0	9831.0	2690.0	19813.0	22461.0	12704.0	12291.0	11449.0	1344.0	1860.0	993.0	7381.0
5506/	2047.0	1906.0	4660.0	2307.0	1035.0	7812.0	12580.0	8510.0	2018.0	10527.0	7336.0	6018.0	4427.0	9623.0	1512.0	3385.0	4963.0	2721.0	4215.0	2312.0	7808.0	2529.0	11653.0	7736.0	2196.0	16531.0	18760.0	11484.0	9725.0	8684.0	1411.0	2350.0	866.0	5691.0
5514/	2593.0	2498.0	6926.0	3614.0	1454.0	12502.0	19337.0	11965.0	2961.0	15934.0	10074.0	7392.0	5298.0	13945.0	2165.0	3888.0	5037.0	3993.0	6925.0	2565.0	10824.0	2794.0	14368.0	11502.0	3216.0	22887.0	24732.0	14595.0	13749.0	11180.0	1368.0	2811.0	1177.0	7702.0
5515/	2186.0	2677.0	6672.0	3068.0	1265.0	9386.0	17433.0	8906.0	2138.0	13209.0	7960.0	8010.0	6067.0	14561.0	1956.0	4013.0	4724.0	2877.0	5085.0	2603.0	9356.0	2717.0	14398.0	10690.0	2045.0	18067.0	22641.0	13626.0	11928.0	9874.0	1250.0	1938.0	989.0	8110.0
5516/	2306.0	2243.0	4368.0	2548.0	1597.0	7946.0	12846.0	8748.0	2416.0	10372.0	6822.0	6409.0	4476.0	12185.0	2086.0	2971.0	3165.0	2828.0	2871.0	1695.0	8481.0	2602.0	12619.0	9468.0	1982.0	12200.0	19014.0	11047.0	10680.0	8216.0	691.0	2009.0	1003.0	5390.0
5518/	2102.0	2348.0	6023.0	2583.0	1246.0	10550.0	15495.0	9494.0	2311.0	10694.0	7359.0	6532.0	5736.0	14062.0	2327.0	4424.0	4191.0	2650.0	5346.0	2155.0	9678.0	2549.0	14796.0	11102.0	1922.0	18273.0	23298.0	12608.0	11272.0	10018.0	1114.0	2435.0	952.0	6687.0
5640/	1954.0	2676.0	7494.0	3368.0	1740.0	10105.0	17419.0	9898.0	2874.0	12812.0	8516.0	6453.0	5302.0	11915.0	1934.0	3716.0	3644.0	2748.0	4347.0	2177.0	11273.0	2710.0	15619.0	8588.0	2320.0	16526.0	25362.0	12685.0	12316.0	10182.0	954.0	2336.0	1008.0	7795.0
5649/	2779.0	1622.0	8834.0	3192.0	1898.0	12120.0	22468.0	10733.0	3669.0	15099.0	9860.0	6424.0	5959.0	14405.0	2474.0	4007.0	4888.0	3205.0	4943.0	1644.0	13862.0	3349.0	18284.0	12755.0	2832.0	23294.0	29975.0	15350.0	14935.0	15509.0	1305.0	1912.0	1142.0	7606.0
5754/	2496.0	2451.0	7479.0	3351.0	1098.0	10189.0	16992.0	14232.0	2324.0	10528.0	7004.0	7868.0	5696.0	11671.0	1957.0	3991.0	4137.0	3063.0	5090.0	2083.0	9937.0	3184.0	14047.0	10128.0	2700.0	21296.0	27966.0	15160.0	12055.0	10614.0	1716.0	2134.0	924.0	6619.0
5755/	1856.0	1438.0	4166.0	2256.0	1813.0	7654.0	11175.0	6571.0	1415.0	8266.0	4915.0	5597.0	4222.0	8913.0	1609.0	2287.0	2857.0	1536.0	4099.0	1562.0	7408.0	2169.0	9932.0	6896.0	1467.0	11549.0	16184.0	11103.0	8651.0	6493.0	985.0	1634.0	800.0	4849.0
5771/	2747.0	2300.0	6653.0	3688.0	1731.0	11378.0	15768.0	12204.0	2569.0	14189.0	8282.0	7581.0	6726.0	11905.0	2343.0	3907.0	4737.0	3194.0	5562.0	2456.0	11105.0	3589.0	13687.0	11391.0	1513.0	19285.0	24137.0	15771.0	12701.0	11271.0	934.0	1541.0	1006.0	7258.0
5798/	199.0	161.0	1648.0	273.0	19.0	198.0	4562.0	1109.0	0.0	620.0	1068.0	71.0	959.0	2597.0	0.0	336.0	543.0	265.0	93.0	98.0	3225.0	47.0	2206.0	48.0	10.0	4573.0	5650.0	2764.0	1479.0	3097.0	358.0	213.0	15.0	617.0
5825/	1731.0	2366.0	5875.0	3379.0	1063.0	7569.0	13605.0	10670.0	2508.0	12213.0	6721.0	5993.0	4487.0	9807.0	2199.0	3768.0	4656.0	2024.0	3126.0	1617.0	10536.0	3243.0	13156.0	8468.0	2440.0	14121.0	20455.0	13782.0	11211.0	10053.0	1149.0	1508.0	1014.0	5788.0
5843/	2203.0	1660.0	4411.0	1656.0	1486.0	7064.0	10800.0	7280.0	1577.0	8953.0	5314.0	5444.0	4054.0	8743.0	1712.0	2821.0	3051.0	1795.0	3494.0	1864.0	6845.0	2182.0	10249.0	7019.0	1322.0	10471.0	13948.0	9774.0	9557.0	6835.0	712.0	1966.0	714.0	4701.0
5844/	1988.0	1548.0	5932.0	2865.0	1893.0	8708.0	13972.0	10371.0	1975.0	10077.0	6756.0	6292.0	4506.0	10852.0	1889.0	3635.0	3221.0	2157.0	3741.0	1989.0	8328.0	2537.0	13707.0	9011.0	1947.0	12698.0	22230.0	11628.0	10928.0	8489.0	1207.0	2181.0	880.0	6244.0
5899/	2555.0	2345.0	6033.0	3073.0	1092.0	8634.0	13375.0	10288.0	1788.0	9873.0	7191.0	7024.0	5183.0	12201.0	2158.0	3722.0	3641.0	1967.0	2655.0	2089.0	9535.0	3873.0	12140.0	9811.0	1671.0	13289.0	20040.0	12544.0	11097.0	9934.0	998.0	1677.0	838.0	5680.0
5900/	2383.0	1276.0	8173.0	2803.0	1792.0	5866.0	15801.0	10656.0	2875.0	12487.0	5977.0	7440.0	5210.0	10551.0	1560.0	4301.0	4291.0	2968.0	3979.0	2429.0	11034.0	3063.0	14901.0	9392.0	1447.0	19267.0	26899.0	15786.0	12175.0	11847.0	1164.0	1863.0	1056.0	7303.0
5902/	2230.0	3570.0	5683.0	3507.0	1840.0	11616.0	16094.0	9675.0	2878.0	13751.0	8670.0	7249.0	5903.0	15670.0	1957.0	4915.0	3845.0	3227.0	4667.0	2542.0	10255.0	3224.0	17199.0	11013.0	2777.0	20787.0	22692.0	15440.0	11129.0	9799.0	1185.0	1169.0	883.0	7260.0
5953/	1785.0	2289.0	5950.0	2884.0	1203.0	8172.0	12124.0	7846.0	2246.0	11152.0	6237.0	6451.0	4800.0	11479.0	1685.0	3441.0	3231.0	3038.0	3494.0	2279.0	7300.0	2974.0	13257.0	8985.0	1722.0	16504.0	17679.0	13409.0	10650.0	8842.0	1165.0	1887.0	880.0	6445.0
5955/	2297.0	2175.0	6441.0	3018.0	1572.0	9439.0	12913.0	9699.0	2540.0	12089.0	7043.0	7501.0	4920.0	11419.0	2059.0	3046.0	3949.0	2398.0	3493.0	2145.0	9331.0	3006.0	13234.0	10709.0	2435.0	15899.0	20977.0	14347.0	10268.0	11361.0	1111.0	2413.0	811.0	6055.0
5977/	2863.0	1746.0	4496.0	3269.0	2085.0	10744.0	15504.0	13403.0	2419.0	10823.0	8162.0	6718.0	5254.0	11815.0	2012.0	3716.0	3955.0	3090.0	3526.0	2421.0	10420.0	3093.0	14004.0	9616.0	2033.0	18798.0	23627.0	13872.0	13101.0	10935.0	1210.0	2491.0	966.0	7010.0
6010/	2548.0	1906.0	6651.0	3992.0	821.0	9348.0	12540.0	8977.0	2467.0	11632.0	5799.0	7637.0	4648.0	11992.0	2314.0	3776.0	3713.0	2402.0	5054.0	2504.0	8638.0	2982.0	13107.0	9826.0	2003.0	15499.0	19724.0	11722.0	10764.0	9855.0	1056.0	1516.0	960.0	5916.0
6026/	3021.0	2727.0	4715.0	3065.0	1795.0	10395.0	15715.0	12198.0	3158.0	13398.0	7729.0	6896.0	5738.0	13597.0	2472.0	3332.0	3750.0	2754.0	4498.0	2182.0	9649.0	3034.0	13624.0	10221.0	2678.0	17615.0	21285.0	14371.0	11932.0	11370.0	1120.0	2532.0	1004.0	7199.0
6028/	2294.0	2049.0	5991.0	2487.0	1470.0	8579.0	14084.0	11269.0	2390.0	10276.0	5928.0	5915.0	4239.0	11610.0	1595.0	2951.0	3577.0	2198.0	3372.0	2257.0	8995.0	2677.0	10680.0	8543.0	1978.0	13323.0	18889.0	9754.0	10251.0	9273.0	890.0	2380.0	795.0	6335.0
6033/	2636.0	1053.0	4146.0	3781.0	1269.0	8411.0	13626.0	9015.0	2257.0	12018.0	7045.0	7800.0	4521.0	10107.0	2067.0	4153.0	4095.0	2057.0	4423.0	2221.0	7782.0	2369.0	12376.0	8355.0	1139.0	12989.0	21246.0	13047.0	10067.0	8433.0	1089.0	2441.0	767.0	6081.0
6034/	2295.0	2217.0	6948.0	4527.0	1884.0	9779.0	18214.0	11360.0	2573.0	12615.0	7304.0	7973.0	5232.0	13505.0	2229.0	3136.0	4595.0	2732.0	5510.0	2655.0	9148.0	3071.0	14127.0	11048.0	2469.0	16841.0	23881.0	13935.0	11759.0	8376.0	1186.0	1567.0	873.0	7933.0
6035/	2979.0	1882.0	9177.0	4348.0	1934.0	9462.0	21354.0	14731.0	2890.0	12895.0	8459.0	8867.0	6558.0	15058.0	2210.0	4562.0	4754.0	3008.0	5181.0	2810.0	10924.0	3474.0	17684.0	10933.0	2309.0	20432.0	27238.0	14038.0	14052.0	9096.0	1208.0	2171.0	1080.0	7992.0
6040/	2883.0	1949.0	7415.0	4890.0	1729.0	12885.0	21810.0	11091.0	2946.0	14754.0	7314.0	10041.0	5426.0	14418.0	2756.0	2814.0	5560.0	3269.0	6000.0	3289.0	10494.0	3211.0	15579.0	11691.0	2179.0	21840.0	28920.0	16711.0	14077.0	10452.0	1249.0	1960.0	973.0	8222.0
6044/	1689.0	2460.0	6419.0	3262.0	1519.0	8602.0	13174.0	8490.0	2173.0	12674.0	7039.0	7375.0	4922.0	9592.0	1722.0	3358.0	3769.0	2289.0	4049.0	2071.0	9706.0	3029.0	12586.0	8025.0	2420.0	14278.0	19496.0	10083.0	11161.0	7665.0	1130.0	1168.0	810.0	6669.0
6045/	2707.0	2975.0	7412.0	2724.0	2122.0	11477.0	18390.0	11308.0	2526.0	13996.0	7563.0	5720.0	6323.0	11718.0	2754.0	4225.0	4688.0	3256.0	4673.0	2079.0	10620.0	3093.0	16111.0	10534.0	2322.0	20413.0	23397.0	11262.0	11748.0	10504.0	1421.0	1697.0	1020.0	6516.0
6050/	737.0	339.0	1356.0	785.0	259.0	2272.0	4006.0	2051.0	197.0	3609.0	2606.0	1665.0	2007.0	2700.0	1419.0	2023.0	906.0	851.0	1298.0	588.0	3367.0	629.0	4490.0	5339.0	540.0	5615.0	6652.0	5646.0	3435.0	3745.0	670.0	226.0	288.0	1968.0
6057/	2209.0	2049.0	5736.0	2426.0	1231.0	7990.0	14155.0	10331.0	1647.0	10223.0	6626.0	6209.0	4700.0	10727.0	1919.0	3877.0	4070.0	2331.0	3664.0	1579.0	7119.0	2544.0	11919.0	8662.0	1499.0	15762.0	20388.0	11962.0	11243.0	8115.0	1134.0	1389.0	936.0	5771.0
6058/	1917.0	2444.0	6206.0	2897.0	1481.0	7446.0	14884.0	10202.0	2224.0	12824.0	6586.0	8011.0	4718.0	11122.0	2470.0	3835.0	4362.0	2694.0	4732.0	1859.0	9211.0	2643.0	13136.0	10510.0	2128.0	14438.0	21364.0	12915.0	10340.0	10121.0	1070.0	2017.0	630.0	6676.0
6060/	2000.0	2271.0	8824.0	3566.0	1987.0	8976.0	14188.0	9707.0	2633.0	10838.0	6857.0	7585.0	5313.0	11341.0	2058.0	4181.0	5483.0	2374.0	4019.0	2768.0	7979.0	3855.0	15136.0	9675.0	2046.0	15516.0	22548.0	11603.0	9793.0	12195.0	923.0	2454.0	645.0	7031.0
6102/	2310.0	3294.0	6582.0	3009.0	1664.0	8442.0	15411.0	9697.0	2004.0	10175.0	7060.0	6902.0	4793.0	11930.0	2286.0	4396.0	4216.0	2452.0	4223.0	2362.0	9143.0	3431.0	14753.0	9370.0	2448.0	17117.0	20247.0	12603.0	11310.0	7956.0	1130.0	1829.0	913.0	7421.0
6103/	1826.0	2338.0	5917.0	4169.0	1973.0	9993.0	15710.0	12395.0	2502.0	12879.0	7220.0	8704.0	6233.0	12920.0	2409.0	3671.0	4078.0	2953.0	4871.0	3281.0	9898.0	3674.0	14342.0	10428.0	2388.0	19047.0	23890.0	16696.0	11803.0	10957.0	1185.0	2303.0	947.0	7847.0
6105/	2791.0	1369.0	7819.0	4130.0	2011.0	9554.0	19948.0	11473.0	2257.0	13289.0	9769.0	8094.0	5940.0	15700.0	2266.0	4481.0	4619.0	3193.0	5390.0	3114.0	10760.0	2953.0	14142.0	11154.0	2110.0	20513.0	29040.0	14258.0	14689.0	10141.0	1282.0	2447.0	1331.0	7526.0
6138/	1843.0	1940.0	4761.0	2572.0	1524.0	9206.0	11378.0	8195.0	1885.0	8591.0	5649.0	5730.0	4994.0	8938.0	2038.0	3675.0	3085.0	2388.0	3030.0	1651.0	7331.0	2381.0	10815.0	7916.0	1913.0	12736.0	16696.0	9754.0	9899.0	9483.0	807.0	1619.0	707.0	4833.0
6149/	3771.0	2647.0	6566.0	4038.0	2161.0	11241.0	20568.0	10644.0	2924.0	11531.0	7852.0	6594.0	5981.0	14974.0	3163.0	3923.0	4349.0	3310.0	5377.0	2370.0	10695.0	3587.0	15783.0	10574.0	2580.0	19317.0	22770.0	15024.0	15333.0	12877.0	1219.0	2315.0	1136.0	7226.0
6162/	1889.0	1933.0	6836.0	2671.0	1054.0	6593.0	11104.0	7874.0	2007.0	10359.0	5003.0	5420.0	4373.0	9802.0	1942.0	3480.0	3627.0	1695.0	3913.0	2307.0	8812.0	2568.0	11387.0	7767.0	1895.0	11625.0	17769.0	10330.0	9780.0	8661.0	1006.0	1520.0	732.0	6203.0
6163/	2622.0	2924.0	9927.0	2936.0	1470.0	12005.0	16007.0	12706.0	2985.0	12658.0	7708.0	7555.0	6237.0	13492.0	2251.0	4052.0	5687.0	2053.0	5568.0	1926.0	11646.0	3626.0	14730.0	11232.0	2765.0	18181.0	25169.0	13437.0	13369.0	12856.0	1609.0	1691.0	994.0	7722.0
6165/	2301.0	1878.0	9451.0	3575.0	1920.0	12417.0	19762.0	11970.0	2450.0	13226.0	7865.0	8212.0	6314.0	14072.0	2305.0	5349.0	5528.0	2808.0	5663.0	2761.0	10049.0	3557.0	15954.0	11496.0	2790.0	21903.0	24676.0	14634.0	12789.0	10103.0	1231.0	2225.0	878.0	8792.0
6167/	2252.0	2258.0	5257.0	2455.0	1374.0	9777.0	14237.0	11308.0	1846.0	12705.0	6785.0	6915.0	5093.0	12966.0	2086.0	4000.0	4691.0	3106.0	4126.0	2392.0	7694.0	2924.0	14192.0	9968.0	2189.0	15623.0	21191.0	14182.0	11068.0	11262.0	1122.0	2418.0	756.0	5703.0
6199/	2359.0	1918.0	5305.0	3413.0	1762.0	9814.0	14578.0	7578.0	2391.0	12602.0	5418.0	6450.0	4685.0	9320.0	1937.0	3716.0	4258.0	2620.0	4254.0	2592.0	8890.0	2814.0	12963.0	8826.0	2425.0	15210.0	20719.0	12606.0	10850.0	8788.0	1358.0	2003.0	1071.0	6201.0
6226/	2270.0	2842.0	5695.0	2562.0	1204.0	9373.0	14268.0	10483.0	2740.0	9942.0	7353.0	5404.0	3991.0	11531.0	1769.0	4237.0	4440.0	2682.0	3667.0	1538.0	8459.0	3046.0	13135.0	10059.0	2391.0	15381.0	20176.0	14262.0	12008.0	12220.0	814.0	2087.0	1062.0	6866.0
6227/	2460.0	2716.0	6927.0	4000.0	1546.0	11581.0	14368.0	13450.0	3002.0	11769.0	8205.0	7743.0	5355.0	14351.0	2121.0	5006.0	4663.0	2476.0	5303.0	2739.0	9888.0	4350.0	14517.0	11833.0	2979.0	18938.0	27469.0	15423.0	13144.0	13102.0	1625.0	1743.0	1155.0	7442.0
6228/	2273.0	2770.0	5797.0	3369.0	1296.0	11409.0	15200.0	13406.0	2863.0	11222.0	6301.0	8240.0	4798.0	12596.0	2410.0	4720.0	3398.0	2426.0	4210.0	2919.0	9657.0	3929.0	13479.0	9932.0	2663.0	17151.0	21429.0	12029.0	10026.0	10326.0	1015.0	2096.0	884.0	7117.0
6229/	2538.0	3073.0	9132.0	3716.0	1731.0	10852.0	17485.0	9548.0	3978.0	14295.0	8672.0	7721.0	5764.0	12041.0	2359.0	4247.0	5106.0	3080.0	4921.0	2851.0	9331.0	3455.0	17034.0	13328.0	3276.0	20597.0	27898.0	16238.0	14826.0	13281.0	1107.0	1876.0	1109.0	9267.0
6291/	1640.0	1995.0	4250.0	2326.0	1550.0	7414.0	9527.0	8007.0	1975.0	8160.0	5492.0	4847.0	4576.0	7825.0	1798.0	2591.0	4166.0	2134.0	3916.0	1680.0	7177.0	2425.0	9331.0	7785.0	1175.0	9753.0	16220.0	8993.0	8883.0	8770.0	986.0	1843.0	1023.0	5373.0
6347/	1845.0	1725.0	5495.0	3027.0	1793.0	10063.0	12633.0	11520.0	2321.0	12146.0	6525.0	7083.0	4936.0	10447.0	2044.0	3562.0	3711.0	2521.0	3761.0	2120.0	9414.0	2242.0	13586.0	9540.0	2377.0	15827.0	22251.0	12573.0	11269.0	10951.0	1029.0	2565.0	1210.0	7659.0
6348/	1947.0	1469.0	4319.0	2654.0	1514.0	8319.0	13426.0	10267.0	2026.0	9751.0	6366.0	6165.0	4450.0	9192.0	2027.0	3164.0	3819.0	2374.0	4416.0	2109.0	9019.0	2357.0	13487.0	9011.0	1872.0	12846.0	18332.0	12101.0	9531.0	8279.0	1005.0	2608.0	873.0	6032.0
6503/	2411.0	1367.0	6549.0	3225.0	1526.0	10857.0	13682.0	9549.0	2133.0	16459.0	6581.0	6859.0	5796.0	11776.0	1710.0	4316.0	4562.0	2048.0	4094.0	2336.0	10207.0	2868.0	13524.0	11000.0	1352.0	15485.0	24160.0	15070.0	12168.0	13382.0	1026.0	2186.0	1192.0	7630.0
6512/	2011.0	2048.0	4444.0	2303.0	1677.0	9649.0	13109.0	8985.0	2956.0	10656.0	6311.0	6480.0	4764.0	10531.0	2303.0	3841.0	3633.0	2444.0	4260.0	2063.0	9130.0	3279.0	12777.0	8041.0	1992.0	15100.0	21391.0	14805.0	11307.0	9173.0	1090.0	1728.0	1046.0	6923.0
6613/	1940.0	3180.0	8780.0	3305.0	1486.0	10309.0	19304.0	13792.0	3000.0	14969.0	7728.0	7954.0	6808.0	13741.0	2052.0	4942.0	4710.0	3059.0	4534.0	2477.0	10046.0	3585.0	17023.0	12457.0	2711.0	20671.0	25196.0	17251.0	12279.0	12295.0	1658.0	1993.0	819.0	7279.0
6636/	662.0	91.0	1977.0	1000.0	489.0	2293.0	6471.0	2041.0	1172.0	3196.0	1594.0	2406.0	313.0	3785.0	681.0	1424.0	1526.0	838.0	1301.0	965.0	3961.0	866.0	4317.0	4878.0	7.0	4654.0	3780.0	6768.0	2093.0	3791.0	164.0	459.0	256.0	1182.0
6685/	603.0	243.0	1545.0	1147.0	805.0	1995.0	4404.0	1272.0	378.0	2423.0	2400.0	1425.0	961.0	1884.0	1521.0	90.0	698.0	796.0	829.0	933.0	2689.0	0.0	2724.0	2677.0	485.0	3048.0	1005.0	4515.0	1733.0	1916.0	107.0	121.0	46.0	1380.0
6712/	1817.0	2385.0	5476.0	2395.0	1598.0	8555.0	12349.0	7807.0	2088.0	8325.0	5923.0	5982.0	4819.0	9343.0	1846.0	3174.0	2556.0	2320.0	2757.0	2363.0	7305.0	2966.0	9692.0	8754.0	2200.0	12792.0	15450.0	10357.0	8540.0	7675.0	1047.0	2781.0	499.0	5752.0
6730/	2961.0	2422.0	6864.0	2802.0	1223.0	8015.0	15325.0	10541.0	2376.0	9199.0	6146.0	5336.0	4987.0	12636.0	1946.0	3874.0	4905.0	2716.0	4119.0	1658.0	8502.0	2991.0	11937.0	9510.0	1883.0	14217.0	20244.0	13642.0	11486.0	10543.0	1025.0	1903.0	974.0	6830.0
6731/	2931.0	1683.0	7541.0	3046.0	1785.0	11231.0	16701.0	9849.0	2636.0	11463.0	7089.0	6935.0	5278.0	13361.0	2603.0	3599.0	4949.0	2780.0	5000.0	1893.0	9742.0	2681.0	13771.0	11573.0	2314.0	17841.0	24428.0	14034.0	13103.0	11814.0	1435.0	2012.0	893.0	7133.0
6732/	2007.0	2599.0	6402.0	2806.0	1380.0	6344.0	13872.0	9211.0	2352.0	10958.0	7514.0	6717.0	4845.0	10685.0	1552.0	4090.0	4475.0	2244.0	3458.0	1920.0	7470.0	3168.0	13006.0	9527.0	2888.0	14524.0	20551.0	10725.0	10586.0	9862.0	930.0	1856.0	780.0	5660.0
6738/	3186.0	2634.0	9289.0	3847.0	1928.0	11046.0	16974.0	11086.0	3520.0	14889.0	8403.0	8622.0	5985.0	14085.0	1828.0	3616.0	4607.0	3184.0	4115.0	3023.0	10550.0	3993.0	16629.0	10505.0	2845.0	20063.0	25270.0	14554.0	15089.0	11597.0	1245.0	1930.0	1228.0	8047.0
6741/	2640.0	2627.0	5304.0	3599.0	1633.0	10367.0	13540.0	10196.0	2815.0	11388.0	8169.0	7381.0	5778.0	12995.0	2057.0	4788.0	4050.0	2886.0	6133.0	2723.0	9036.0	3515.0	15607.0	10682.0	2637.0	16567.0	25557.0	12925.0	11769.0	11753.0	1228.0	2409.0	1247.0	6657.0
6752/	638.0	86.0	1240.0	675.0	0.0	1502.0	5741.0	2530.0	23.0	5359.0	1164.0	399.0	929.0	3411.0	0.0	1214.0	947.0	488.0	782.0	465.0	2925.0	255.0	3154.0	1908.0	243.0	3425.0	3695.0	4882.0	1549.0	1906.0	653.0	2.0	120.0	625.0
6802/	2087.0	1813.0	7617.0	4738.0	2295.0	11746.0	15485.0	9111.0	2518.0	12512.0	7896.0	8028.0	4598.0	12518.0	1886.0	4435.0	4677.0	2463.0	4874.0	3492.0	10464.0	3234.0	14474.0	10211.0	1964.0	16209.0	23451.0	15034.0	11037.0	9395.0	1216.0	2204.0	959.0	6956.0
6863/	2053.0	2746.0	8682.0	3321.0	1965.0	11559.0	14163.0	9351.0	2554.0	13452.0	7651.0	5512.0	5882.0	13256.0	1851.0	3695.0	3858.0	2810.0	3808.0	2035.0	9638.0	2809.0	13723.0	11490.0	2826.0	20834.0	21971.0	15352.0	11373.0	12218.0	1084.0	1162.0	964.0	7053.0
6888/	2238.0	1901.0	5541.0	2898.0	1563.0	8709.0	15529.0	10904.0	1680.0	11058.0	7532.0	6663.0	5289.0	11717.0	2305.0	4681.0	3716.0	2857.0	3592.0	2481.0	9197.0	2645.0	14570.0	10187.0	2119.0	17442.0	22153.0	14261.0	12354.0	10255.0	1184.0	2035.0	894.0	6297.0
6908/	1662.0	1763.0	6726.0	2568.0	1334.0	8878.0	13486.0	9619.0	2263.0	11460.0	6955.0	6286.0	5506.0	12406.0	1726.0	5258.0	4546.0	2530.0	4071.0	1786.0	9130.0	3284.0	13901.0	8347.0	1736.0	17223.0	22045.0	12919.0	10935.0	9248.0	1102.0	1727.0	709.0	7363.0
6909/	1702.0	2028.0	5447.0	2817.0	1292.0	8981.0	11542.0	8118.0	2391.0	10181.0	6224.0	6302.0	4608.0	10179.0	2070.0	3248.0	3920.0	2514.0	4969.0	1663.0	7888.0	3004.0	13654.0	8841.0	2182.0	12331.0	19101.0	10338.0	11376.0	10457.0	989.0	1500.0	1303.0	7068.0
6955/	2721.0	2405.0	7143.0	2594.0	2014.0	10341.0	17495.0	12317.0	3587.0	15331.0	8012.0	9751.0	6399.0	13890.0	2635.0	5062.0	5016.0	3273.0	6377.0	3108.0	10063.0	4149.0	15092.0	10531.0	2476.0	19449.0	27806.0	14097.0	13573.0	12237.0	1605.0	2196.0	847.0	8690.0
6957/	2488.0	2063.0	5016.0	2289.0	1477.0	8419.0	13932.0	8631.0	1860.0	8420.0	6014.0	6659.0	4031.0	10629.0	1847.0	3394.0	3369.0	2187.0	3076.0	2186.0	9159.0	2074.0	12017.0	8678.0	2100.0	12837.0	18517.0	11698.0	12884.0	9495.0	692.0	2146.0	773.0	6316.0
6958/	2574.0	2572.0	5366.0	3180.0	1537.0	9520.0	16275.0	10022.0	2559.0	12128.0	6214.0	7327.0	5486.0	12484.0	2461.0	3979.0	4236.0	2874.0	5363.0	2773.0	8591.0	3102.0	13143.0	9413.0	2038.0	16643.0	23969.0	12193.0	13384.0	11051.0	1242.0	2069.0	1011.0	8036.0
6964/	2407.0	1786.0	5201.0	2614.0	1521.0	8398.0	15530.0	8917.0	1901.0	10386.0	7504.0	6520.0	4282.0	11534.0	2333.0	3222.0	4100.0	2091.0	2876.0	1665.0	8709.0	2059.0	11931.0	8512.0	1991.0	12603.0	18221.0	10429.0	10528.0	8750.0	818.0	1864.0	787.0	6522.0
6965/	2893.0	2522.0	6318.0	3004.0	1511.0	11534.0	20140.0	12945.0	3153.0	12633.0	8252.0	6940.0	5900.0	12691.0	2988.0	4404.0	5130.0	3349.0	4889.0	2018.0	9428.0	4656.0	16040.0	11788.0	2447.0	18041.0	25758.0	15504.0	13098.0	12476.0	1337.0	1263.0	1205.0	7627.0
6983/	2093.0	2276.0	6154.0	3238.0	1408.0	9966.0	15653.0	10272.0	2586.0	10379.0	7869.0	7731.0	5309.0	12593.0	2083.0	3717.0	3424.0	2303.0	4824.0	3207.0	9298.0	3206.0	14745.0	9365.0	2259.0	19118.0	19996.0	13845.0	12076.0	8145.0	1020.0	2032.0	1020.0	6481.0
6985/	2161.0	1905.0	4998.0	2523.0	1405.0	8168.0	14406.0	9002.0	1981.0	9462.0	6654.0	6238.0	4793.0	10993.0	2208.0	3368.0	3917.0	2221.0	3887.0	2156.0	7360.0	2693.0	11623.0	9125.0	2067.0	13183.0	18890.0	10854.0	10011.0	9133.0	864.0	1693.0	632.0	6685.0
7041/	72.0	35.0	87.0	0.0	0.0	0.0	348.0	9.0	0.0	291.0	140.0	0.0	88.0	106.0	0.0	80.0	63.0	30.0	78.0	0.0	238.0	29.0	268.0	92.0	38.0	209.0	350.0	259.0	117.0	242.0	0.0	0.0	7.0	166.0
7055/	593.0	0.0	506.0	0.0	0.0	7.0	1936.0	24.0	0.0	1639.0	607.0	128.0	90.0	496.0	0.0	15.0	469.0	168.0	362.0	23.0	1194.0	0.0	1916.0	6.0	5.0	1968.0	1139.0	1769.0	992.0	1657.0	0.0	0.0	66.0	633.0
7105/	1757.0	2913.0	6112.0	2939.0	1451.0	6825.0	12389.0	8461.0	2403.0	10155.0	6533.0	5922.0	4388.0	10840.0	1732.0	2936.0	3571.0	2189.0	3175.0	2435.0	8701.0	2966.0	13225.0	7526.0	2252.0	13721.0	16680.0	11438.0	10054.0	7980.0	1001.0	1803.0	692.0	6087.0
7106/	2710.0	1554.0	3949.0	2716.0	1436.0	7857.0	12645.0	9914.0	2323.0	9708.0	5854.0	6014.0	4607.0	12212.0	2111.0	3399.0	3638.0	2641.0	5651.0	1983.0	8374.0	2816.0	14277.0	8572.0	1697.0	13798.0	22830.0	12195.0	11918.0	10035.0	1031.0	1968.0	973.0	6613.0
7108/	2112.0	2497.0	4562.0	1872.0	1574.0	10090.0	13524.0	8392.0	2881.0	10017.0	6661.0	7902.0	5409.0	12108.0	2638.0	2680.0	3923.0	2564.0	3479.0	1643.0	8748.0	2986.0	11619.0	9344.0	2822.0	15964.0	19323.0	12103.0	11351.0	7703.0	1352.0	1807.0	1088.0	5645.0
7118/	532.0	50.0	1677.0	0.0	105.0	274.0	1997.0	598.0	0.0	0.0	1095.0	0.0	0.0	1590.0	9.0	0.0	608.0	287.0	670.0	0.0	1770.0	0.0	1651.0	0.0	0.0	2952.0	1782.0	483.0	2514.0	1963.0	1.0	125.0	218.0	2120.0
7148/	448.0	0.0	851.0	209.0	1181.0	1250.0	3347.0	1236.0	0.0	2433.0	2770.0	330.0	2662.0	1341.0	34.0	1238.0	1326.0	161.0	740.0	104.0	2944.0	161.0	3901.0	912.0	864.0	3260.0	5050.0	3511.0	1729.0	2303.0	607.0	474.0	159.0	2076.0
7151/	2677.0	2318.0	4236.0	3241.0	1308.0	10780.0	17026.0	10144.0	2413.0	11107.0	6345.0	7016.0	5916.0	12791.0	1816.0	3392.0	4754.0	2264.0	4445.0	2369.0	9300.0	3204.0	15053.0	10542.0	2602.0	14572.0	23250.0	14164.0	12791.0	10338.0	1253.0	1339.0	1081.0	6869.0
7152/	1805.0	1586.0	4882.0	2901.0	1131.0	6459.0	11354.0	7867.0	2261.0	11794.0	6119.0	5517.0	4862.0	9663.0	1567.0	3868.0	3451.0	2426.0	3564.0	2427.0	8276.0	2700.0	10398.0	7680.0	1862.0	11571.0	18029.0	11564.0	9152.0	8685.0	933.0	2194.0	860.0	5951.0
7163/	2333.0	1214.0	5423.0	2994.0	1130.0	9439.0	17472.0	9291.0	2650.0	12239.0	6217.0	6846.0	4707.0	12895.0	1766.0	3704.0	4229.0	2214.0	4362.0	2321.0	8910.0	2726.0	12705.0	8747.0	1906.0	18277.0	21548.0	11024.0	11367.0	8993.0	990.0	1462.0	957.0	6291.0
7168/	3857.0	2693.0	7796.0	3434.0	1655.0	9180.0	21385.0	13050.0	3057.0	16066.0	9355.0	9426.0	6726.0	17381.0	2757.0	5203.0	5269.0	3732.0	3844.0	2430.0	9718.0	3502.0	14619.0	9673.0	2962.0	20990.0	29730.0	14422.0	16763.0	11919.0	1459.0	2592.0	964.0	8316.0
7170/	4149.0	3935.0	9971.0	3062.0	1497.0	12235.0	18810.0	12649.0	3284.0	14945.0	9076.0	5875.0	6857.0	15833.0	1949.0	5039.0	5353.0	3362.0	4797.0	1989.0	11245.0	4014.0	15868.0	12492.0	3608.0	22906.0	25338.0	14068.0	13258.0	11549.0	1060.0	1489.0	1300.0	8441.0
7206/	2741.0	2112.0	5935.0	2926.0	2081.0	10966.0	14992.0	10832.0	2205.0	9823.0	8457.0	6991.0	5627.0	12529.0	2403.0	3330.0	3976.0	3526.0	4708.0	2344.0	8651.0	3399.0	12642.0	8939.0	2191.0	16938.0	22175.0	14511.0	13502.0	13644.0	1011.0	2212.0	1031.0	6699.0
7207/	2719.0	2267.0	6105.0	2628.0	1550.0	10798.0	13922.0	10125.0	2044.0	11214.0	8539.0	7161.0	5873.0	12488.0	2406.0	3637.0	4272.0	3274.0	4609.0	2151.0	8070.0	3450.0	11672.0	10222.0	2737.0	16609.0	21874.0	12662.0	13896.0	11329.0	1146.0	2252.0	1000.0	5944.0
7229/	3120.0	1385.0	6302.0	3095.0	1415.0	8229.0	15426.0	11483.0	2221.0	10651.0	6403.0	7699.0	5010.0	12630.0	2065.0	4551.0	4739.0	2162.0	4765.0	2843.0	10182.0	3676.0	12186.0	10307.0	1156.0	12848.0	23957.0	12014.0	12224.0	10005.0	1111.0	1798.0	978.0	6586.0
7230/	2928.0	1987.0	7622.0	3785.0	1112.0	8732.0	15785.0	7762.0	2523.0	11626.0	6937.0	8240.0	4652.0	9997.0	2558.0	5193.0	4477.0	2527.0	4225.0	3391.0	10698.0	3419.0	15330.0	8672.0	1712.0	13438.0	23801.0	14133.0	12183.0	12265.0	975.0	1266.0	1020.0	6504.0
7286/	3072.0	1606.0	8420.0	3385.0	2556.0	11081.0	15746.0	11516.0	3349.0	11423.0	8078.0	7711.0	6772.0	13536.0	2335.0	3642.0	5566.0	3522.0	5419.0	2184.0	10565.0	3337.0	14475.0	11819.0	2670.0	18658.0	25655.0	15542.0	14354.0	17273.0	1627.0	2472.0	1065.0	7794.0
7287/	2733.0	1861.0	9119.0	3361.0	2011.0	10110.0	15598.0	11350.0	2700.0	13603.0	9065.0	8207.0	7055.0	15243.0	2370.0	3889.0	4951.0	3153.0	6743.0	2548.0	10925.0	3865.0	16355.0	13831.0	2473.0	22490.0	27525.0	15485.0	17663.0	16297.0	1015.0	1968.0	1333.0	9244.0
7289/	2316.0	2701.0	6680.0	2521.0	1312.0	8852.0	13669.0	9084.0	2601.0	10380.0	7581.0	7368.0	5833.0	13434.0	2336.0	3859.0	4990.0	3121.0	5296.0	2259.0	9774.0	3660.0	13432.0	10463.0	2291.0	16663.0	21657.0	13700.0	13758.0	11609.0	873.0	2424.0	1303.0	7580.0
7290/	2101.0	1534.0	4469.0	2680.0	1407.0	7518.0	11894.0	7540.0	1692.0	8786.0	6064.0	4849.0	5726.0	8937.0	1989.0	3286.0	4235.0	2044.0	3829.0	2220.0	7460.0	2118.0	12782.0	8614.0	1505.0	13416.0	22665.0	11504.0	10691.0	9886.0	1059.0	2427.0	775.0	6661.0
7293/	2553.0	1856.0	8985.0	3436.0	1206.0	10323.0	14804.0	12407.0	2432.0	12875.0	7283.0	6864.0	5384.0	11803.0	1973.0	4157.0	4875.0	2467.0	5462.0	2652.0	10526.0	3413.0	13725.0	11698.0	2102.0	18077.0	24319.0	15565.0	12662.0	14618.0	1532.0	2408.0	889.0	7096.0
7321/	2304.0	3051.0	6666.0	3371.0	1625.0	9174.0	17548.0	11447.0	2836.0	11054.0	7713.0	8453.0	5084.0	13230.0	2226.0	4389.0	3123.0	3388.0	4278.0	2867.0	8981.0	3535.0	13917.0	10300.0	2399.0	21136.0	21700.0	13605.0	11938.0	9579.0	1267.0	1262.0	752.0	8254.0
7341/	2571.0	1716.0	5910.0	3314.0	1484.0	9234.0	13846.0	8948.0	2274.0	8856.0	6065.0	6828.0	5221.0	11272.0	1844.0	4229.0	4725.0	2440.0	3940.0	2526.0	7544.0	2894.0	12278.0	8510.0	1808.0	13842.0	22794.0	12264.0	10286.0	9083.0	957.0	1599.0	870.0	5895.0
7359/	10.0	0.0	1628.0	29.0	0.0	0.0	1364.0	0.0	0.0	0.0	413.0	263.0	307.0	0.0	0.0	0.0	983.0	0.0	253.0	204.0	3446.0	0.0	3372.0	10.0	0.0	2293.0	1253.0	2618.0	98.0	2778.0	50.0	0.0	106.0	1561.0
7366/	2282.0	2518.0	6484.0	3240.0	1551.0	11094.0	16348.0	10555.0	2439.0	10614.0	7086.0	6515.0	5850.0	12573.0	2239.0	5537.0	4020.0	2730.0	4180.0	2844.0	12370.0	2919.0	14451.0	8157.0	2335.0	19263.0	23103.0	10434.0	13553.0	11678.0	1426.0	1603.0	979.0	8182.0
7367/	3035.0	3026.0	8224.0	3507.0	1772.0	13105.0	20363.0	16989.0	4093.0	13126.0	9263.0	9019.0	6143.0	15862.0	2673.0	4139.0	6716.0	3150.0	5815.0	2634.0	11997.0	3908.0	14627.0	12996.0	2777.0	21083.0	27017.0	18637.0	12935.0	14465.0	963.0	2545.0	1019.0	9345.0
7368/	2338.0	2294.0	7458.0	3328.0	1884.0	9193.0	19635.0	12513.0	2485.0	11801.0	6999.0	6899.0	4648.0	14074.0	1805.0	4266.0	3590.0	2800.0	4444.0	2237.0	10423.0	3372.0	14043.0	9162.0	2191.0	17159.0	20367.0	15079.0	12452.0	10188.0	914.0	2154.0	894.0	6789.0
7515/	359.0	4.0	933.0	584.0	675.0	1489.0	5926.0	845.0	5.0	3539.0	1372.0	660.0	1248.0	1752.0	1084.0	250.0	925.0	266.0	426.0	334.0	2759.0	0.0	2854.0	439.0	448.0	1824.0	1518.0	3683.0	1876.0	2670.0	86.0	489.0	112.0	1838.0
7516/	2239.0	1376.0	6141.0	3729.0	1980.0	8732.0	13975.0	9512.0	2507.0	13307.0	6646.0	8129.0	6048.0	11855.0	2306.0	4827.0	4145.0	2283.0	4794.0	2827.0	11115.0	3177.0	13037.0	10580.0	2346.0	17746.0	23964.0	13146.0	10736.0	11312.0	1228.0	1876.0	1079.0	6833.0
7576/	785.0	507.0	642.0	144.0	965.0	747.0	2561.0	938.0	0.0	1056.0	785.0	179.0	690.0	860.0	185.0	881.0	296.0	135.0	415.0	311.0	1925.0	0.0	1736.0	1201.0	425.0	1731.0	4343.0	3188.0	716.0	1760.0	39.0	171.0	45.0	1539.0
7581/	514.0	72.0	1729.0	997.0	99.0	2535.0	5889.0	2305.0	788.0	4286.0	1828.0	2011.0	2089.0	3619.0	335.0	848.0	1621.0	653.0	2917.0	1025.0	3420.0	276.0	4365.0	3685.0	233.0	7647.0	3940.0	4987.0	2978.0	4234.0	162.0	291.0	156.0	2038.0
7620/	475.0	108.0	1641.0	1131.0	426.0	3040.0	5763.0	2885.0	599.0	3596.0	1718.0	1828.0	1379.0	3162.0	885.0	1856.0	897.0	476.0	1343.0	794.0	4083.0	344.0	3890.0	3268.0	169.0	2921.0	6565.0	6012.0	2472.0	3717.0	550.0	553.0	199.0	2401.0
7636/	29.0	0.0	2256.0	496.0	0.0	34.0	1851.0	119.0	42.0	1974.0	174.0	398.0	23.0	57.0	0.0	532.0	663.0	101.0	611.0	512.0	1999.0	0.0	6176.0	1228.0	4.0	2399.0	2307.0	2683.0	246.0	2353.0	32.0	0.0	75.0	405.0
7690/	1528.0	2179.0	6813.0	3073.0	2076.0	8986.0	11652.0	10801.0	2789.0	12006.0	7567.0	6755.0	5495.0	10844.0	2340.0	3494.0	3654.0	2628.0	4555.0	2327.0	9179.0	2777.0	13009.0	9912.0	1715.0	14555.0	19936.0	11451.0	11194.0	10754.0	1053.0	2267.0	1083.0	6263.0
7802/	2079.0	2318.0	7039.0	2938.0	1664.0	7408.0	11457.0	12147.0	2332.0	9994.0	7393.0	5932.0	5273.0	12351.0	2261.0	4776.0	3907.0	2429.0	4822.0	1891.0	10207.0	2723.0	15138.0	10765.0	2784.0	16322.0	21186.0	15178.0	12769.0	11372.0	1015.0	2040.0	1326.0	6784.0
7803/	2305.0	2601.0	7536.0	3000.0	1197.0	9977.0	13151.0	10679.0	2599.0	12705.0	8824.0	6366.0	5559.0	10859.0	1804.0	4095.0	5535.0	2714.0	3924.0	1839.0	8919.0	4157.0	13044.0	9329.0	2385.0	15372.0	25280.0	13730.0	12836.0	10154.0	1029.0	1910.0	1180.0	8251.0
7831/	935.0	3371.0	556.0	710.0	39.0	101.0	4677.0	295.0	988.0	1099.0	2065.0	580.0	1377.0	401.0	61.0	1684.0	1060.0	454.0	948.0	537.0	2543.0	2975.0	2491.0	3236.0	1409.0	1868.0	4421.0	4273.0	1718.0	3943.0	168.0	315.0	107.0	2429.0
7895/	2174.0	1574.0	5101.0	2264.0	1652.0	8929.0	13079.0	7723.0	1852.0	11018.0	5273.0	6585.0	3533.0	10091.0	1772.0	2795.0	2740.0	1907.0	3621.0	1826.0	8022.0	1982.0	12937.0	8010.0	1806.0	11768.0	15779.0	9859.0	10219.0	7688.0	804.0	1686.0	755.0	4952.0
7904/	2360.0	2519.0	7355.0	4295.0	1857.0	11788.0	15918.0	10922.0	2979.0	13244.0	6836.0	7981.0	5378.0	13932.0	2080.0	4162.0	4310.0	2593.0	4321.0	3125.0	9476.0	3494.0	14914.0	11065.0	1974.0	17925.0	25298.0	14485.0	11834.0	13674.0	1406.0	2447.0	1051.0	6472.0
7906/	2353.0	2052.0	4835.0	2621.0	1246.0	7622.0	12359.0	8876.0	2141.0	11540.0	6359.0	5310.0	4763.0	11276.0	1800.0	3682.0	3229.0	2704.0	3686.0	1687.0	7846.0	2710.0	11229.0	9429.0	2008.0	14073.0	19145.0	11078.0	10634.0	9688.0	1108.0	2029.0	674.0	5489.0
7953/	1973.0	2435.0	6884.0	2884.0	1527.0	7772.0	12585.0	8599.0	1935.0	12012.0	7554.0	6872.0	4660.0	9871.0	1756.0	4825.0	4592.0	2628.0	4877.0	1891.0	8338.0	2803.0	13768.0	8933.0	2642.0	14217.0	20605.0	12141.0	11155.0	9340.0	825.0	2068.0	1004.0	5821.0
7954/	2993.0	2360.0	8420.0	4149.0	1297.0	9294.0	18691.0	12244.0	2832.0	14693.0	8508.0	8406.0	5051.0	14255.0	2487.0	5063.0	4998.0	3361.0	4393.0	2712.0	10636.0	3523.0	18630.0	10473.0	3252.0	22123.0	27296.0	16732.0	13569.0	12385.0	1410.0	1823.0	1204.0	7465.0
7965/	1251.0	5.0	1555.0	0.0	0.0	62.0	5900.0	631.0	0.0	3266.0	608.0	0.0	916.0	803.0	0.0	117.0	690.0	147.0	525.0	0.0	3887.0	0.0	4258.0	26.0	157.0	1994.0	3626.0	2437.0	1151.0	8508.0	44.0	0.0	80.0	846.0
8155/	2310.0	1807.0	6465.0	3031.0	1600.0	10044.0	16047.0	9993.0	1960.0	13843.0	7343.0	7160.0	6066.0	12516.0	1988.0	4347.0	4447.0	2692.0	4693.0	2316.0	10166.0	2298.0	14093.0	10099.0	2257.0	18782.0	23918.0	14099.0	12394.0	10974.0	1025.0	2310.0	1083.0	7276.0
8231/	3404.0	2072.0	5870.0	3820.0	1760.0	11747.0	19276.0	12031.0	2730.0	13037.0	7178.0	6494.0	6408.0	14125.0	2581.0	4807.0	4567.0	3092.0	4868.0	2229.0	9860.0	4246.0	13508.0	10520.0	1288.0	16614.0	27762.0	12824.0	13601.0	11495.0	1209.0	1890.0	1142.0	7257.0
8307/	551.0	1.0	1053.0	713.0	115.0	2142.0	3101.0	2054.0	221.0	2548.0	1395.0	1074.0	998.0	2869.0	100.0	1013.0	911.0	214.0	866.0	561.0	1970.0	26.0	2277.0	1495.0	839.0	4092.0	8120.0	2441.0	2041.0	2586.0	131.0	416.0	82.0	1055.0
8350/	555.0	59.0	1100.0	938.0	551.0	2051.0	5852.0	1955.0	4.0	2808.0	1640.0	1370.0	1050.0	2075.0	386.0	1735.0	1348.0	967.0	768.0	640.0	4863.0	8.0	4115.0	3627.0	91.0	3146.0	3968.0	5511.0	2499.0	4552.0	314.0	651.0	251.0	1893.0
