rh.aparc.thickness	rh_bankssts_thickness	rh_caudalanteriorcingulate_thickness	rh_caudalmiddlefrontal_thickness	rh_cuneus_thickness	rh_entorhinal_thickness	rh_fusiform_thickness	rh_inferiorparietal_thickness	rh_inferiortemporal_thickness	rh_isthmuscingulate_thickness	rh_lateraloccipital_thickness	rh_lateralorbitofrontal_thickness	rh_lingual_thickness	rh_medialorbitofrontal_thickness	rh_middletemporal_thickness	rh_parahippocampal_thickness	rh_paracentral_thickness	rh_parsopercularis_thickness	rh_parsorbitalis_thickness	rh_parstriangularis_thickness	rh_pericalcarine_thickness	rh_postcentral_thickness	rh_posteriorcingulate_thickness	rh_precentral_thickness	rh_precuneus_thickness	rh_rostralanteriorcingulate_thickness	rh_rostralmiddlefrontal_thickness	rh_superiorfrontal_thickness	rh_superiorparietal_thickness	rh_superiortemporal_thickness	rh_supramarginal_thickness	rh_frontalpole_thickness	rh_temporalpole_thickness	rh_transversetemporal_thickness	rh_insula_thickness	rh_MeanThickness_thickness
10398/	2.618	2.464	2.772	1.828	3.758	2.693	2.509	3.159	3.055	2.369	2.754	2.031	2.679	3.065	2.448	2.407	2.612	2.648	2.462	1.358	1.881	2.636	2.561	2.406	2.928	2.419	2.758	2.14	2.895	2.534	2.686	4.094	2.873	3.013	2.53093
10423/	2.14	2.356	2.445	1.858	2.618	2.479	2.222	2.612	2.163	2.209	2.358	1.987	2.898	2.58	2.154	2.358	2.689	2.508	2.62	1.65	1.97	2.672	2.346	2.37	2.696	2.406	2.711	2.155	2.591	2.338	3.04	3.598	2.072	2.884	2.37886
10524/	2.202	2.572	2.391	1.836	3.188	2.677	2.258	2.686	2.146	2.128	2.418	2.051	2.492	2.752	2.561	2.263	2.389	2.242	2.376	1.531	1.833	2.373	2.425	2.245	2.786	2.308	2.575	2.077	2.638	2.397	2.546	3.451	2.206	2.792	2.34858
10536/	2.596	2.285	2.589	1.817	3.706	2.794	2.496	2.891	2.477	2.29	2.462	2.109	2.27	3.113	2.644	2.293	2.525	2.684	2.658	1.781	2.061	2.287	2.586	2.288	2.714	2.277	2.633	2.152	2.925	2.446	2.557	3.178	2.546	2.94	2.46828
10547/	2.445	2.302	2.551	2.094	3.992	2.456	2.466	2.654	2.21	2.251	2.496	2.134	2.305	2.817	2.144	2.254	2.669	2.91	2.465	1.989	2.049	2.319	2.62	2.288	2.307	2.451	2.755	2.225	3.027	2.612	2.659	3.93	2.797	2.871	2.48106
10563/	3.108	2.473	2.693	1.899	3.142	2.845	2.593	3.196	2.577	2.276	2.62	2.069	2.68	3.285	2.873	2.584	2.629	2.811	2.642	1.637	2.075	2.666	2.834	2.51	2.91	2.407	3.097	2.269	3.027	2.679	2.872	3.677	2.682	3.286	2.6607
10566/	2.529	2.545	2.569	1.983	3.553	2.645	2.463	2.887	2.251	2.312	2.657	2.168	2.444	2.968	2.731	2.592	2.59	2.9	2.542	1.685	2.189	2.457	2.628	2.542	2.71	2.367	2.689	2.3	2.914	2.656	2.817	4.15	2.466	2.955	2.54149
10606/	2.687	2.499	2.449	1.851	3.882	2.771	2.388	2.819	2.842	2.288	2.659	1.854	2.755	3.061	2.351	2.316	2.686	2.413	2.59	1.324	1.961	2.645	2.394	2.321	2.941	2.488	2.701	2.085	2.963	2.591	3.142	3.751	2.152	3.019	2.4759
10620/	2.861	2.645	2.652	1.901	3.671	3.034	2.854	3.354	2.97	2.396	2.848	2.198	2.957	3.475	2.678	2.583	2.804	3.013	2.909	1.705	2.246	2.643	2.762	2.58	3.339	2.635	2.976	2.331	3.292	2.829	3.281	3.844	2.957	3.275	2.75658
10621/	2.723	2.321	2.557	2.031	3.391	2.621	2.36	2.95	2.373	2.326	2.305	1.928	2.474	2.913	2.849	2.229	2.549	2.66	2.445	1.425	2.146	2.174	2.55	2.315	2.886	2.278	2.615	2.163	2.831	2.485	2.891	3.684	2.475	2.857	2.44176
10667/	2.761	2.906	2.797	2.037	3.853	3.081	2.787	3.328	2.494	2.352	2.639	2.26	2.694	3.129	2.705	2.601	2.853	2.862	2.683	1.75	2.207	2.757	2.693	2.613	3.368	2.542	2.98	2.34	3.047	2.847	3.187	4.05	2.53	3.188	2.70871
10813/	2.877	2.4	2.701	2.169	3.325	2.811	2.604	3.004	3.101	2.387	2.963	2.486	2.856	3.114	3.101	2.514	2.827	3.021	2.646	2.078	2.222	2.821	2.638	2.521	3.389	2.546	3.003	2.264	2.853	2.735	2.931	3.288	2.653	3.105	2.67494
10903/	2.744	2.409	2.432	1.729	3.419	2.825	2.369	2.765	2.6	2.08	2.504	2.281	2.372	2.966	2.771	2.317	2.522	2.861	2.468	1.513	2.17	2.514	2.571	2.301	3.133	2.315	2.655	2.12	2.904	2.556	2.907	3.639	2.497	3.092	2.47784
10943/	2.709	3.171	2.786	1.974	3.391	2.691	2.571	2.808	2.735	2.364	3.151	2.197	2.749	3.223	2.901	2.548	2.868	3.209	2.771	1.586	2.246	2.886	2.592	2.578	3.178	2.732	3.132	2.301	3.105	2.877	3.251	3.815	2.742	3.421	2.70124
5202/	2.345	2.532	2.715	1.886	3.961	2.62	2.503	2.937	2.819	2.32	2.586	2.017	2.647	3.026	2.537	2.394	2.609	2.768	2.467	1.509	2.038	2.662	2.524	2.416	2.803	2.487	2.839	2.3	2.849	2.491	2.631	4.105	2.491	2.899	2.53038
5302/	2.253	2.74	2.776	1.919	3.57	2.614	2.403	2.714	2.534	2.222	3.116	2.038	2.815	3.005	2.694	2.267	2.731	3.061	2.561	1.9	2.077	2.456	2.549	2.374	3.098	2.744	3.016	2.16	2.898	2.536	3.189	4.204	2.392	2.795	2.55897
5305/	2.662	2.739	2.549	2.161	3.326	2.724	2.394	2.815	2.33	2.276	2.636	1.955	2.861	2.892	2.574	2.253	2.534	3.227	2.36	1.81	1.945	2.374	2.573	2.279	3.12	2.404	2.833	2.008	2.788	2.559	3.077	3.837	2.239	3.116	2.48873
5306/	2.474	3.054	2.637	1.711	3.168	2.673	2.413	2.937	2.688	2.32	2.855	2.041	2.773	2.939	2.224	2.426	2.488	2.682	2.431	1.591	2.086	2.613	2.482	2.352	3.046	2.428	2.887	2.154	2.73	2.641	3.214	2.659	2.577	3.185	2.51347
5464/	2.174	2.231	2.399	1.574	3.163	2.534	2.154	2.475	2.409	1.915	2.4	1.788	2.405	2.712	1.941	2.09	2.396	2.429	2.389	1.436	1.882	2.232	2.105	1.979	2.835	2.145	2.333	1.873	2.393	2.374	2.55	3.777	2.081	2.841	2.20179
5505/	2.486	2.668	2.592	1.852	3.364	2.75	2.391	2.615	2.567	2.275	2.746	2.32	2.766	2.984	2.337	2.34	2.777	3.16	2.527	1.556	2.124	2.399	2.556	2.316	3.476	2.689	3.012	2.181	2.904	2.501	3.145	3.607	2.466	3.322	2.56792
5506/	2.694	2.689	2.639	1.867	3.176	2.635	2.624	3.069	2.381	2.39	3.344	2.066	3.115	3.066	2.588	2.532	2.737	3.287	2.884	1.754	2.121	2.592	2.477	2.409	2.993	2.78	3.229	2.303	3.09	2.822	3.572	3.82	2.718	3.484	2.68345
5514/	2.685	2.779	2.894	2.105	3.648	2.98	2.696	3.275	2.828	2.632	3.108	2.228	2.977	3.24	2.659	2.601	3.089	3.265	2.854	1.733	2.423	2.885	2.864	2.639	3.456	2.781	3.237	2.537	3.106	3.039	3.301	4.308	2.811	3.327	2.83629
5515/	2.469	2.994	2.455	1.633	2.889	2.488	2.332	2.518	2.351	2.267	2.727	1.934	2.448	2.803	2.105	2.369	2.533	2.834	2.442	1.496	2.092	2.485	2.396	2.321	3.137	2.444	2.672	2.096	2.75	2.387	2.376	3.21	2.068	3.109	2.41341
5516/	2.387	2.631	2.307	1.818	3.865	2.663	2.309	2.889	2.624	2.284	2.432	2.052	2.337	2.904	2.842	2.298	2.279	2.818	2.198	1.536	1.95	2.585	2.322	2.177	2.721	2.267	2.598	1.94	2.652	2.481	2.315	4.034	2.138	2.777	2.37348
5518/	2.612	3.014	2.797	1.873	3.885	2.921	2.54	3.061	2.753	2.267	2.763	2.221	2.74	3.263	2.816	2.539	2.595	2.955	2.892	1.631	2.187	2.587	2.799	2.521	3.073	2.632	3.045	2.378	2.905	2.832	3.378	3.876	2.386	3.262	2.68006
5640/	2.362	2.696	2.624	2.066	3.158	2.553	2.612	2.668	2.73	2.3	2.391	2.026	2.409	2.697	2.095	2.304	2.767	2.909	2.599	1.678	2.277	2.215	2.616	2.386	2.814	2.274	2.697	2.258	2.795	2.686	2.613	3.509	2.297	3.032	2.49873
5649/	2.857	2.323	2.956	2.102	3.381	2.883	2.782	2.641	2.633	2.575	2.819	2.124	2.694	2.943	2.862	2.61	2.873	3.103	2.819	1.611	2.324	2.713	2.754	2.75	3.348	2.762	3.05	2.278	3.104	3.0	2.735	2.749	2.944	3.289	2.74393
5754/	2.532	2.647	2.62	1.875	2.962	2.626	2.555	2.884	2.461	2.265	2.645	2.117	2.803	2.856	2.551	2.411	2.773	3.208	2.83	1.488	2.023	2.488	2.483	2.442	3.057	2.722	2.955	2.131	2.955	2.624	3.701	2.868	2.395	3.154	2.56463
5755/	2.408	2.543	2.523	1.795	3.907	2.789	2.499	2.875	2.263	2.208	2.54	2.082	2.936	2.969	2.54	2.331	2.59	2.655	2.651	1.515	2.142	2.299	2.449	2.274	3.025	2.518	2.762	2.188	2.703	2.577	3.547	3.144	2.206	2.981	2.49217
5771/	2.766	2.895	2.98	2.161	3.408	2.686	2.73	3.055	2.428	2.503	2.91	2.175	2.768	2.902	2.811	2.465	2.972	3.132	2.68	1.722	2.282	2.445	2.704	2.55	2.994	2.595	2.933	2.381	2.897	2.691	2.625	3.181	2.634	3.376	2.66895
5798/	4.352	2.679	4.721	1.604	2.536	3.524	2.66	2.246	0.0	2.388	1.717	2.041	2.681	1.832	0.0	2.332	2.777	1.23	2.21	1.65	2.737	3.457	2.772	3.463	3.396	3.639	2.612	2.335	3.135	2.231	3.396	2.188	2.358	1.857	2.55434
5825/	2.285	2.545	2.278	2.411	2.237	2.425	2.439	2.654	2.268	2.367	2.506	2.214	2.249	2.805	2.752	2.319	2.541	2.511	2.155	1.785	2.167	2.372	2.405	2.249	2.609	2.249	2.602	2.277	2.756	2.539	2.572	2.36	2.466	2.833	2.42299
5843/	2.727	2.705	2.451	1.651	3.611	2.637	2.449	3.085	2.603	2.097	2.676	2.155	2.978	3.112	2.751	2.383	2.451	2.666	2.349	1.747	2.054	2.578	2.438	2.246	2.932	2.402	2.691	2.131	2.943	2.485	2.54	3.648	2.407	2.872	2.47829
5844/	2.675	2.953	2.665	1.791	4.101	2.823	2.408	2.968	2.489	2.201	2.74	2.203	2.773	3.063	3.368	2.578	2.717	2.85	2.737	1.715	2.24	2.607	2.507	2.395	3.081	2.602	2.883	2.205	3.288	2.674	3.078	3.853	2.566	3.043	2.60871
5899/	2.562	2.817	2.523	1.878	3.852	2.959	2.436	2.961	2.539	2.28	2.584	2.281	2.404	2.95	3.083	2.416	2.446	2.348	2.412	1.506	2.08	2.697	2.571	2.488	2.635	2.357	2.638	2.133	2.77	2.454	2.8	3.062	2.462	3.16	2.49728
5900/	2.6	2.308	2.738	2.228	2.699	1.852	2.352	2.822	2.141	2.241	2.391	2.287	2.585	2.813	1.994	2.55	2.529	2.918	2.535	2.281	2.206	2.472	2.624	2.366	2.503	2.515	2.771	2.26	2.872	2.538	2.359	3.117	2.525	3.088	2.5064
5902/	2.676	2.479	2.462	1.829	3.488	2.744	2.684	2.975	2.566	2.298	2.569	2.069	2.621	3.196	2.624	2.518	2.417	2.775	2.778	1.472	2.13	2.49	2.593	2.463	2.852	2.544	2.777	2.285	2.703	2.354	3.018	2.505	2.56	3.065	2.53328
5953/	2.593	2.405	2.573	1.807	3.071	2.401	2.306	2.54	2.411	2.327	2.223	2.085	2.766	2.996	2.354	2.433	2.519	2.677	2.455	1.62	1.93	2.376	2.501	2.254	3.114	2.378	2.782	2.149	2.813	2.388	3.061	3.179	2.373	2.904	2.42306
5955/	2.687	2.583	2.727	1.915	3.7	2.89	2.604	3.005	2.539	2.409	2.665	2.244	2.963	3.027	3.045	2.445	2.743	3.065	2.616	1.592	2.215	2.504	2.654	2.467	3.044	2.508	2.912	2.349	3.066	2.811	3.134	3.87	2.672	3.435	2.63784
5977/	2.596	2.492	2.62	1.908	4.038	2.871	2.361	3.059	2.205	2.228	2.756	2.151	2.665	2.901	2.843	2.366	2.611	2.945	2.66	1.529	2.114	2.463	2.567	2.476	2.864	2.645	2.859	2.35	2.93	2.547	3.14	3.662	2.304	3.094	2.57578
6010/	2.759	2.514	2.412	2.304	3.137	2.603	2.415	2.6	2.572	2.112	2.616	2.253	2.519	3.034	2.447	2.188	2.754	2.503	2.391	1.857	2.104	2.39	2.436	2.294	2.883	2.399	2.72	2.092	2.762	2.665	2.697	3.192	2.792	3.209	2.46667
6026/	2.472	2.775	2.412	1.884	3.573	2.589	2.297	2.708	2.339	2.149	2.67	2.089	2.318	2.653	2.931	2.145	2.724	2.417	2.468	1.659	2.053	2.297	2.454	2.278	2.617	2.479	2.663	2.143	2.772	2.49	2.71	3.711	2.398	3.3	2.43281
6028/	2.607	2.704	2.559	1.741	2.985	2.649	2.429	2.951	2.706	2.204	2.439	2.003	2.46	2.91	2.72	2.354	2.31	2.638	2.507	1.616	2.115	2.417	2.468	2.357	2.975	2.286	2.695	2.135	2.911	2.676	2.712	3.299	2.333	2.886	2.46948
6033/	2.506	2.407	2.335	2.111	4.159	2.673	2.437	2.8	2.562	2.084	2.524	2.296	2.542	2.919	2.735	2.395	2.522	2.416	2.534	1.677	1.973	2.42	2.395	2.327	2.553	2.199	2.616	2.131	2.707	2.428	2.823	3.405	2.372	3.142	2.42381
6034/	2.317	2.378	2.44	2.157	3.193	2.605	2.378	2.796	2.312	2.121	2.418	2.019	2.481	2.899	2.494	2.182	2.358	2.29	2.415	1.627	1.927	2.423	2.388	2.335	2.856	2.194	2.624	2.03	2.599	2.456	2.965	3.038	2.271	2.96	2.37387
6035/	2.6	2.225	2.49	2.17	3.306	2.586	2.45	2.855	2.489	2.14	2.599	2.289	2.614	2.826	2.916	2.342	2.642	2.522	2.596	1.729	2.09	2.353	2.459	2.302	2.876	2.517	2.725	2.148	2.856	2.604	3.003	3.657	2.523	2.688	2.49089
6040/	2.655	2.448	2.754	2.194	3.917	2.867	2.695	2.949	2.733	2.321	2.367	2.318	2.493	3.171	2.812	2.288	2.636	2.695	2.559	1.805	2.07	2.482	2.559	2.492	2.506	2.541	2.902	2.118	3.075	2.701	3.302	3.407	2.425	3.101	2.58898
6044/	2.252	2.932	2.526	1.848	2.617	2.473	2.256	2.884	2.669	2.219	2.567	1.937	2.544	2.704	2.581	2.224	2.33	2.503	2.346	1.394	2.109	2.414	2.416	2.299	2.895	2.265	2.681	2.068	2.539	2.577	3.062	2.62	2.506	2.953	2.38145
6045/	2.675	2.668	2.575	1.822	3.384	2.727	2.637	3.236	2.778	2.313	2.733	1.954	2.938	3.126	2.886	2.523	2.757	3.063	2.696	1.498	2.294	2.477	2.692	2.484	3.335	2.476	2.938	2.208	3.003	2.875	3.389	3.998	2.739	3.312	2.63574
6050/	2.156	1.759	1.811	2.428	1.284	2.124	2.074	2.029	1.55	1.912	2.034	2.566	1.963	2.454	2.039	1.562	2.222	2.277	2.235	1.585	1.781	1.922	1.784	2.175	1.8	2.382	2.003	2.099	1.861	1.848	2.739	1.551	1.713	1.75	2.00822
6057/	2.575	2.714	2.582	1.862	3.075	2.663	2.438	2.9	2.324	2.186	2.619	2.081	2.602	2.971	3.1	2.31	2.727	2.927	2.448	1.55	1.904	2.656	2.46	2.409	3.063	2.307	2.722	2.23	2.895	2.527	2.694	3.232	2.604	3.229	2.4894
6058/	2.549	2.453	2.737	1.829	3.532	2.587	2.546	2.809	2.8	2.364	2.62	2.172	2.536	2.761	2.937	2.404	2.663	2.88	2.821	1.364	2.246	2.529	2.643	2.43	2.997	2.588	2.781	2.207	2.772	2.614	3.198	3.691	2.447	3.276	2.55286
6060/	2.529	2.709	2.857	2.111	3.823	2.557	2.466	2.879	2.702	2.387	2.507	2.104	2.754	2.841	2.702	2.587	2.669	2.724	2.652	1.988	2.052	2.586	2.733	2.671	3.001	2.597	2.981	2.244	2.759	2.609	2.917	3.086	2.528	3.181	2.6024
6102/	2.484	2.837	2.36	1.815	3.384	2.706	2.537	2.775	2.35	2.195	2.43	1.985	2.241	2.814	2.552	2.406	2.311	2.515	2.297	1.765	2.103	2.325	2.489	2.427	2.882	2.296	2.653	2.267	2.681	2.628	2.824	3.348	2.502	3.056	2.44544
6103/	2.499	2.833	2.506	1.997	3.741	2.647	2.393	2.84	2.374	2.145	2.516	2.231	2.662	2.765	2.683	2.28	2.685	2.764	2.559	1.801	2.093	2.466	2.454	2.319	2.687	2.484	2.668	2.084	2.803	2.607	3.073	3.506	2.537	3.118	2.47417
6105/	2.743	2.667	2.72	2.21	2.844	2.814	2.578	3.206	2.58	2.435	2.771	2.329	2.849	3.216	2.439	2.551	2.874	3.083	2.81	2.017	2.292	2.628	2.663	2.667	2.978	2.675	2.942	2.248	2.992	2.72	3.528	3.295	2.696	3.308	2.69822
6138/	2.66	2.613	2.298	1.774	3.345	2.82	2.299	2.871	2.543	2.057	2.355	2.006	2.521	2.817	2.868	2.295	2.442	2.688	2.436	1.596	1.897	2.468	2.288	2.243	2.995	2.328	2.585	2.021	2.823	2.39	2.657	3.351	2.43	3.021	2.38527
6149/	2.663	2.568	2.557	2.074	4.008	2.458	2.663	2.692	2.371	2.251	2.414	2.022	2.498	2.994	3.186	2.443	2.703	2.953	2.785	1.625	2.09	2.488	2.659	2.46	3.193	2.542	2.958	2.251	3.005	2.831	3.273	3.366	2.324	3.041	2.5798
6162/	2.485	2.959	2.475	1.848	3.194	2.489	2.421	2.753	2.58	2.219	2.592	1.84	2.834	3.005	2.849	2.48	2.509	2.472	2.729	1.503	2.157	2.508	2.541	2.221	3.404	2.419	2.791	2.22	2.918	2.635	3.082	3.248	2.479	2.846	2.47852
6163/	2.593	2.765	2.71	1.966	3.886	3.009	2.465	3.176	2.949	2.384	2.799	2.234	2.974	3.027	2.694	2.677	2.797	2.924	3.09	1.733	2.392	2.817	2.648	2.541	3.375	2.54	3.029	2.194	3.012	2.851	3.228	3.315	2.704	3.209	2.69401
6165/	2.501	2.266	2.512	1.948	3.409	2.611	2.426	2.775	2.607	2.129	2.579	2.13	2.669	2.838	2.316	2.339	2.804	2.662	2.652	1.677	2.082	2.464	2.48	2.487	2.795	2.347	2.554	2.16	2.718	2.432	2.925	3.719	2.098	2.944	2.45356
6167/	2.562	2.708	2.621	1.786	3.442	2.776	2.468	2.892	2.58	2.304	2.751	2.334	2.968	3.005	3.109	2.536	2.555	2.845	2.711	1.752	2.033	2.707	2.595	2.467	3.329	2.399	2.836	2.189	2.79	2.643	2.812	3.503	2.378	3.087	2.57035
6199/	2.263	2.455	2.354	2.009	3.092	2.334	2.271	2.594	2.512	2.197	2.468	2.083	2.511	2.682	2.81	2.328	2.361	2.654	2.227	1.837	2.041	2.326	2.411	2.371	3.018	2.248	2.576	1.99	2.722	2.407	2.249	3.219	2.255	2.897	2.36033
6226/	2.385	2.448	2.611	1.838	3.363	2.42	2.476	2.911	2.516	2.157	2.428	2.046	2.159	2.909	1.977	2.508	2.739	2.702	2.582	1.693	2.03	2.354	2.424	2.41	2.678	2.327	2.611	2.153	2.88	2.65	2.647	3.452	2.696	3.067	2.45482
6227/	2.769	2.806	2.681	2.217	2.727	2.957	2.709	3.299	2.719	2.363	2.615	2.148	2.592	3.273	2.633	2.41	2.765	2.481	2.544	1.739	2.057	2.693	2.487	2.624	3.177	2.591	2.996	2.183	3.081	2.707	3.269	3.153	2.487	3.198	2.6432
6228/	2.505	2.489	2.356	1.743	3.301	2.759	2.407	2.958	2.423	2.189	2.349	2.058	2.27	2.726	2.717	2.344	2.501	2.412	2.185	1.649	1.877	2.348	2.386	2.209	2.884	2.244	2.546	2.045	2.509	2.341	2.774	3.62	2.207	2.914	2.36126
6229/	2.876	2.571	2.541	1.981	2.91	2.432	2.45	2.725	2.512	2.27	2.415	2.129	2.486	2.956	2.383	2.416	2.59	2.644	2.42	1.793	2.063	2.404	2.565	2.434	2.62	2.302	2.736	2.147	2.804	2.505	2.35	3.337	2.417	3.217	2.47069
6291/	2.477	2.751	2.339	1.819	3.073	2.683	2.13	2.858	2.613	2.017	2.827	1.929	2.857	2.71	2.936	2.327	2.472	3.02	2.447	1.823	1.937	2.436	2.366	2.221	3.32	2.399	2.571	2.043	2.652	2.3	2.792	3.813	2.506	2.971	2.3975
6347/	2.482	2.497	2.569	1.894	3.482	2.589	2.302	2.954	2.476	2.2	2.512	2.165	2.378	2.759	3.058	2.41	2.335	2.544	2.409	1.618	2.007	2.331	2.421	2.298	2.756	2.413	2.626	2.056	2.802	2.413	2.707	3.586	2.518	2.944	2.42884
6348/	2.245	2.223	2.258	1.57	3.448	2.384	2.205	2.644	2.325	1.984	2.568	1.917	2.3	2.628	2.611	2.192	2.553	2.619	2.387	1.613	2.083	2.334	2.444	2.134	2.598	2.377	2.469	2.042	2.648	2.47	2.628	3.703	2.434	2.858	2.32087
6503/	2.527	2.252	2.495	1.706	2.493	2.248	2.278	2.483	2.847	2.17	2.223	1.995	2.469	2.808	2.188	2.184	2.503	2.221	2.31	1.516	2.059	2.608	2.42	2.385	2.936	2.219	2.521	2.056	2.632	2.46	2.48	3.097	2.217	3.085	2.33703
6512/	2.619	2.582	2.325	1.825	3.556	2.573	2.351	2.768	2.691	2.275	2.573	2.131	2.451	2.831	2.577	2.33	2.581	2.744	2.298	1.698	2.178	2.338	2.501	2.193	2.91	2.298	2.688	2.202	2.771	2.519	2.937	3.332	2.387	3.075	2.45172
6613/	2.446	2.682	2.723	1.907	3.245	2.502	2.68	2.763	2.451	2.504	2.507	2.232	2.528	2.778	2.575	2.305	2.717	2.834	2.674	1.83	2.199	2.414	2.544	2.426	2.977	2.558	2.84	2.377	2.701	2.74	2.955	3.44	2.513	2.976	2.56847
6636/	1.871	1.372	1.996	1.855	1.812	1.893	2.093	1.956	1.495	1.95	1.342	1.986	1.316	1.755	1.779	1.507	1.823	1.762	1.71	1.671	1.763	1.543	1.752	2.041	0.957	1.889	1.274	2.075	1.941	1.756	1.339	1.919	1.632	1.163	1.78321
6685/	2.121	2.917	2.381	2.334	1.711	1.788	2.335	1.802	2.161	2.147	2.841	1.962	2.069	2.103	3.485	1.9	2.13	3.335	2.11	2.491	2.13	0.0	2.09	1.992	2.059	2.061	1.758	2.23	1.651	2.336	1.482	3.059	2.1	2.032	2.14492
6712/	2.376	3.068	2.29	1.831	3.364	2.563	2.297	2.671	2.664	2.035	3.109	1.941	2.715	2.698	3.091	2.188	2.468	3.267	2.274	1.492	1.938	2.646	2.232	2.207	3.451	2.342	2.544	1.953	2.591	2.387	3.3	3.959	2.136	3.209	2.37677
6730/	2.758	2.404	2.605	1.909	3.486	2.52	2.566	2.806	2.421	2.147	2.299	2.123	2.373	2.958	2.299	2.404	2.473	2.784	2.548	1.586	2.058	2.378	2.503	2.463	2.798	2.409	2.771	2.353	2.725	2.589	3.038	3.254	2.246	3.017	2.49856
6731/	2.732	2.321	2.5	1.907	2.799	2.74	2.488	2.82	2.446	2.353	2.602	2.253	2.331	3.073	2.433	2.384	2.501	2.592	2.546	1.475	2.025	2.63	2.491	2.341	2.72	2.44	2.75	2.157	2.934	2.794	2.9	3.018	2.526	2.951	2.51241
6732/	2.47	2.739	2.334	1.805	3.404	2.552	2.282	2.69	2.341	2.227	2.741	1.994	2.577	2.809	2.255	2.29	2.702	2.888	2.456	1.505	1.896	2.36	2.423	2.256	2.827	2.336	2.517	1.895	2.715	2.37	2.819	3.287	2.17	2.818	2.36956
6738/	2.566	2.507	2.552	1.899	3.183	2.461	2.492	2.787	2.347	2.19	2.413	2.008	2.438	2.881	2.394	2.112	2.546	2.779	2.261	1.568	2.037	2.434	2.349	2.198	2.915	2.353	2.552	2.078	2.752	2.376	2.737	3.569	2.555	2.99	2.395
6741/	2.601	2.817	2.552	2.086	3.772	2.842	2.593	3.21	2.328	2.235	2.602	2.196	2.702	2.994	2.852	2.519	2.652	2.809	2.632	1.61	2.012	2.526	2.541	2.517	3.055	2.438	2.81	2.218	2.887	2.623	3.017	3.888	2.521	3.031	2.56623
6752/	1.827	1.468	1.975	1.758	0.0	1.816	1.896	2.282	1.469	2.17	2.021	1.421	2.426	2.185	0.0	1.934	1.848	1.986	1.816	1.892	1.74	1.473	1.907	1.763	1.494	2.125	1.996	1.813	1.658	1.503	2.703	1.48	1.902	1.655	1.91339
6802/	2.46	2.49	2.403	2.076	3.996	2.802	2.538	2.919	2.713	2.294	2.494	2.254	2.23	3.153	2.619	2.353	2.587	2.357	2.199	1.883	2.201	2.292	2.427	2.348	2.565	2.224	2.7	2.223	2.843	2.653	2.612	3.311	2.605	3.224	2.48595
6863/	2.082	3.09	2.502	1.992	3.216	2.576	2.355	2.592	2.822	2.187	2.424	1.967	2.77	2.825	2.164	2.201	2.52	2.676	2.478	1.658	2.022	2.785	2.39	2.44	2.821	2.407	2.833	2.01	2.724	2.534	2.41	2.502	2.372	3.103	2.43807
6888/	2.356	2.377	2.269	1.587	3.508	2.467	2.302	2.752	2.37	2.024	2.424	1.998	2.534	2.705	2.41	2.214	2.576	2.689	2.277	1.625	1.897	2.287	2.332	2.203	2.824	2.269	2.465	2.061	2.761	2.492	2.676	3.509	2.181	2.791	2.32546
6908/	2.037	2.481	2.473	1.696	3.087	2.518	2.251	2.666	2.166	2.214	2.77	1.974	2.506	2.728	2.647	2.508	2.317	2.609	2.301	1.519	2.004	2.457	2.402	2.286	2.752	2.396	2.509	2.028	2.668	2.487	2.884	3.547	2.226	2.941	2.37776
6909/	2.224	2.443	2.291	1.898	3.175	2.679	2.321	2.59	2.582	2.109	2.021	1.985	2.261	2.77	2.535	2.27	2.503	2.356	2.369	1.519	2.037	2.313	2.455	2.249	2.836	2.055	2.528	2.021	2.825	2.512	2.662	3.074	2.59	3.061	2.35409
6955/	2.729	2.769	2.778	2.12	2.834	2.586	2.504	2.77	3.106	2.328	3.048	2.248	2.838	2.955	2.875	2.572	2.794	2.918	2.99	1.953	2.158	2.662	2.649	2.395	3.006	2.672	3.065	2.108	3.164	2.734	3.869	3.164	2.88	3.296	2.65196
6957/	2.313	2.521	2.445	1.909	3.069	2.608	2.485	2.73	2.493	2.168	2.443	2.057	2.291	2.967	2.994	2.526	2.542	2.556	2.353	1.789	2.194	2.165	2.512	2.393	2.673	2.435	2.668	2.13	3.015	2.504	2.836	3.628	2.424	2.969	2.47889
6958/	2.493	2.562	2.62	1.976	3.379	2.732	2.599	2.811	2.906	2.195	2.596	2.259	2.754	3.106	3.296	2.4	2.899	3.051	2.684	1.875	2.205	2.648	2.581	2.631	3.123	2.412	2.742	2.213	2.94	2.646	2.932	3.401	2.721	3.382	2.60176
6964/	2.545	2.325	2.427	1.953	3.23	2.774	2.363	2.804	2.258	2.246	2.379	2.206	2.308	3.007	3.03	2.405	2.413	2.42	2.273	1.728	2.14	2.118	2.534	2.359	2.771	2.209	2.45	2.143	2.854	2.446	2.702	3.431	2.362	3.031	2.43722
6965/	2.773	2.551	2.61	1.863	2.997	2.638	2.552	3.004	2.521	2.389	2.542	2.166	2.576	2.753	2.849	2.403	2.7	2.745	2.756	1.533	2.049	2.565	2.598	2.471	3.034	2.627	2.757	2.25	2.935	2.575	3.188	2.569	2.616	3.15	2.56393
6983/	2.342	2.315	2.73	1.717	2.929	2.414	2.319	2.509	2.239	2.056	2.409	1.98	2.5	2.711	2.659	2.285	2.622	2.162	2.565	1.687	1.912	2.275	2.572	2.065	3.135	2.376	2.688	2.034	2.729	2.396	2.568	3.338	2.318	2.987	2.35425
6985/	2.501	2.298	2.315	1.894	3.436	2.708	2.257	2.623	2.534	2.024	2.432	2.007	2.486	2.818	3.204	2.193	2.473	2.426	2.311	1.666	1.989	2.42	2.328	2.221	2.845	2.218	2.495	2.01	2.571	2.469	2.79	3.358	2.446	2.908	2.3508
7041/	0.561	0.517	0.399	0.0	0.0	0.0	0.421	0.488	0.0	0.406	0.387	0.0	0.445	0.401	0.0	0.437	0.381	0.426	0.547	0.0	0.437	0.499	0.44	0.555	0.468	0.42	0.414	0.424	0.504	0.512	0.192	0.0	0.331	0.465	0.437868
7055/	1.989	0.0	1.209	0.0	0.0	0.144	1.422	0.308	0.0	1.897	2.119	1.451	1.702	1.364	0.0	1.08	1.587	1.378	1.528	3.152	1.553	0.0	1.542	0.415	0.47	1.441	1.385	1.735	1.654	1.83	0.0	0.0	2.395	1.392	1.54082
7105/	2.494	2.869	2.51	1.835	3.485	2.388	2.456	2.756	2.371	2.208	2.52	1.919	2.524	2.965	2.94	2.118	2.35	2.321	2.345	1.519	2.047	2.272	2.45	2.249	2.976	2.354	2.545	2.049	2.585	2.601	3.257	3.393	2.417	2.944	2.39223
7106/	2.801	2.519	2.509	1.974	3.601	2.624	2.543	2.815	2.348	2.38	2.452	2.22	2.437	2.976	2.65	2.372	2.666	2.693	2.544	1.701	2.137	2.561	2.693	2.449	2.872	2.352	2.723	2.239	3.039	2.693	3.17	3.596	2.755	2.895	2.55432
7108/	2.368	3.086	2.291	1.8	3.888	2.911	2.2	2.907	2.7	2.161	2.573	2.196	2.811	3.001	3.123	1.957	2.563	2.691	2.513	1.477	2.004	2.683	2.27	1.981	3.235	2.463	2.691	1.915	2.771	2.275	3.046	3.32	2.814	3.034	2.42063
7118/	1.417	0.972	1.788	0.0	1.267	1.289	1.731	1.616	0.0	0.0	2.38	0.0	0.0	1.891	0.362	0.0	1.352	1.496	1.402	0.0	1.512	0.0	1.452	0.0	0.0	1.625	1.293	1.309	2.05	1.3	0.0	1.816	2.078	2.081	1.5921
7148/	2.343	0.0	2.519	1.932	2.303	2.302	2.623	2.42	0.0	2.23	3.359	1.945	2.266	1.999	3.806	2.215	2.738	2.299	2.004	1.896	2.539	2.194	2.564	1.726	3.507	2.934	2.877	2.308	2.21	2.376	2.307	2.302	2.423	2.33	2.46188
7151/	2.507	2.346	2.196	1.876	2.742	2.449	2.381	2.66	2.329	2.074	2.183	1.977	2.282	2.763	2.531	2.225	2.459	2.17	2.327	1.57	2.055	2.247	2.532	2.278	2.92	2.293	2.473	2.094	2.718	2.74	3.043	2.472	2.581	3.047	2.36659
7152/	2.51	2.539	2.386	1.975	2.842	2.3	2.316	2.512	2.404	2.206	2.192	1.905	2.298	2.615	2.469	2.429	2.759	2.44	2.4	1.739	2.134	2.333	2.429	2.272	2.814	2.177	2.512	2.21	2.591	2.513	2.811	3.194	2.438	2.747	2.35032
7163/	2.415	1.866	2.283	1.661	3.729	2.321	2.287	2.484	2.629	1.976	2.328	1.969	2.382	2.639	2.056	2.142	2.391	2.52	2.259	1.672	1.864	2.244	2.287	2.209	2.508	2.205	2.405	1.854	2.602	2.454	2.72	2.834	2.135	2.867	2.25291
7168/	2.803	2.967	2.516	1.964	3.478	2.648	2.59	3.055	2.483	2.361	2.488	2.269	2.52	3.163	2.787	2.237	2.895	2.83	2.521	1.716	2.03	2.52	2.431	2.443	2.881	2.38	2.768	2.161	3.103	2.667	2.482	3.279	2.381	3.395	2.56517
7170/	2.737	2.727	2.851	1.876	3.15	2.679	2.613	2.792	2.624	2.27	2.776	2.09	2.811	3.133	2.297	2.593	2.812	2.66	2.513	1.596	2.187	2.517	2.652	2.566	3.041	2.617	2.9	2.274	2.848	2.671	2.819	2.905	2.513	3.472	2.62365
7206/	2.801	2.986	2.727	2.014	3.703	2.807	2.491	2.972	2.611	2.297	2.696	2.201	2.629	3.094	2.986	2.309	2.892	2.865	2.736	1.87	2.18	2.644	2.591	2.477	3.25	2.568	2.887	2.259	3.112	2.734	3.066	3.741	2.909	3.365	2.6411
7207/	2.73	3.207	2.554	1.861	3.482	2.96	2.49	3.16	2.764	2.306	2.696	2.171	2.703	3.244	2.995	2.268	2.507	2.84	2.48	1.648	2.026	2.805	2.514	2.271	3.231	2.457	2.847	2.169	3.085	2.641	3.101	4.365	2.616	3.057	2.58666
7229/	2.553	2.609	2.461	2.029	3.38	2.787	2.455	2.704	2.52	2.296	2.167	2.31	2.108	2.754	2.798	2.476	2.401	2.538	2.365	2.035	2.21	2.677	2.435	2.475	2.204	2.129	2.497	2.138	2.718	2.564	2.532	3.347	2.671	3.301	2.44554
7230/	2.376	2.73	2.25	1.902	2.72	2.291	2.15	2.335	2.499	2.109	2.287	2.046	2.17	2.355	2.667	2.455	2.457	2.426	2.166	1.806	1.991	2.486	2.343	2.226	2.451	2.029	2.516	2.075	2.576	2.311	2.481	2.572	2.318	2.941	2.27011
7286/	2.821	2.433	2.824	1.971	3.301	2.784	2.694	2.917	2.958	2.332	2.683	2.367	2.658	3.103	3.359	2.585	2.866	2.887	2.859	1.745	2.242	2.661	2.602	2.659	3.078	2.603	3.021	2.332	3.145	2.91	2.942	3.551	2.527	3.217	2.70452
7287/	2.509	2.808	2.919	2.007	4.03	2.611	2.622	2.702	2.869	2.415	2.769	2.335	2.764	2.967	3.125	2.469	2.763	2.791	2.817	1.843	2.208	2.672	2.698	2.526	3.365	2.75	3.062	2.233	3.332	2.666	2.902	3.616	2.433	3.307	2.70026
7289/	2.304	2.667	2.549	1.487	3.933	2.42	2.32	2.568	2.618	2.235	2.491	1.99	2.509	2.966	2.759	2.438	2.594	2.676	2.483	1.466	2.076	2.596	2.571	2.286	3.05	2.324	2.755	2.129	3.066	2.607	2.617	3.885	2.698	2.988	2.45851
7290/	2.332	2.691	2.522	1.933	3.446	2.735	2.48	2.764	2.475	2.182	2.512	1.942	2.64	2.716	3.002	2.412	2.675	2.463	2.556	1.612	2.088	2.505	2.545	2.392	2.813	2.439	2.689	2.216	2.766	2.659	3.087	3.777	2.135	3.182	2.49679
7293/	3.063	3.039	2.83	2.157	3.168	2.84	2.875	3.095	2.848	2.497	2.864	2.488	2.816	3.354	3.158	2.821	2.834	2.741	2.83	2.0	2.212	3.07	2.583	2.855	3.171	2.574	3.061	2.385	3.18	3.069	2.884	3.611	2.79	3.219	2.78505
7321/	2.671	2.646	2.736	2.15	2.985	2.684	2.596	2.77	2.55	2.282	2.567	2.312	2.73	3.005	3.005	2.676	2.726	2.741	2.608	2.064	2.086	2.317	2.649	2.362	2.962	2.482	2.892	2.226	2.968	2.757	2.971	2.68	2.607	3.288	2.59714
7341/	2.639	2.715	2.34	1.838	3.281	2.685	2.403	2.713	2.447	2.036	2.288	2.038	2.506	2.961	3.133	2.365	2.415	2.701	2.333	1.686	1.996	2.493	2.443	2.215	2.847	2.283	2.622	2.063	2.652	2.515	2.609	2.895	2.579	2.96	2.40181
7359/	1.027	0.0	1.78	0.319	0.0	0.0	1.778	0.0	0.0	0.0	1.504	4.115	0.951	0.0	0.0	0.0	1.964	0.0	1.621	1.163	1.968	0.0	1.837	0.029	0.0	1.644	1.407	1.811	0.845	1.798	1.315	0.0	1.932	1.683	1.62111
7366/	2.53	2.907	2.508	1.948	3.42	2.538	2.479	2.706	2.782	2.242	2.423	2.093	2.335	2.77	2.71	2.392	2.661	2.564	2.428	1.938	2.192	2.486	2.368	2.438	2.764	2.439	2.912	2.125	2.776	2.552	2.69	2.947	2.441	3.092	2.49755
7367/	2.466	2.817	2.771	2.002	4.015	2.821	2.454	2.987	2.69	2.178	2.62	2.287	2.61	3.125	2.619	2.456	2.866	2.886	2.74	1.71	2.224	2.557	2.64	2.426	2.805	2.585	3.01	2.233	2.951	2.613	2.756	3.449	2.625	3.224	2.61553
7368/	2.572	2.596	2.415	1.8	3.318	2.523	2.476	2.752	2.335	2.237	2.133	2.056	2.142	2.744	2.078	2.314	2.506	2.394	2.44	1.654	2.108	2.255	2.486	2.368	2.773	2.161	2.586	2.119	2.695	2.504	2.785	3.422	2.645	2.919	2.39003
7515/	1.697	2.106	1.774	1.805	1.644	1.714	1.864	1.693	1.226	2.074	1.64	1.646	1.476	1.544	1.631	1.575	1.443	2.005	1.975	1.659	1.903	0.0	1.841	2.305	1.535	1.592	1.592	1.986	1.795	1.824	1.095	2.216	1.476	1.802	1.77679
7516/	2.442	2.345	2.497	1.992	3.062	2.584	2.556	2.679	2.603	2.286	2.28	2.26	2.764	2.929	3.052	2.428	2.512	2.579	2.498	1.681	2.168	2.416	2.577	2.341	3.092	2.505	2.712	2.229	2.708	2.56	2.943	3.242	2.302	2.74	2.48959
7576/	2.134	3.219	2.205	2.684	2.774	2.758	2.397	1.929	0.0	1.561	2.056	2.062	1.746	2.076	2.691	3.73	2.07	1.512	2.366	2.552	2.244	0.0	2.023	2.597	2.931	2.507	3.592	2.611	2.083	2.486	2.615	1.586	2.275	2.155	2.38858
7581/	1.92	1.587	2.002	1.815	3.157	1.881	2.248	2.225	2.088	2.135	1.546	1.983	1.548	2.274	2.622	1.652	2.189	3.021	2.267	1.909	1.845	1.545	1.963	1.967	1.542	2.208	1.813	1.837	1.95	2.304	1.577	1.998	1.629	2.48	2.01364
7620/	1.802	1.434	2.016	1.759	1.656	1.991	1.99	2.081	1.335	1.934	1.58	1.827	1.906	1.868	1.687	1.822	2.169	1.774	2.277	1.691	2.008	1.715	2.072	1.985	1.535	1.416	1.798	1.751	2.015	1.909	1.858	2.099	1.901	1.847	1.87087
7636/	0.497	0.0	4.215	2.004	0.0	0.401	2.247	1.302	1.955	1.808	0.637	1.049	0.408	0.547	0.0	2.124	2.296	1.219	2.179	2.186	2.483	0.0	3.4	2.253	1.585	2.687	1.877	2.376	1.07	2.539	1.17	0.0	1.227	1.312	2.18481
7690/	2.314	2.463	2.44	1.776	3.816	2.764	2.218	2.757	2.402	2.065	2.556	1.948	2.607	2.932	3.115	2.186	2.442	2.783	2.378	1.499	2.087	2.469	2.388	2.293	3.203	2.294	2.625	2.078	2.912	2.426	2.899	3.735	2.227	2.901	2.40311
7802/	2.542	2.406	2.353	1.828	3.624	2.324	2.413	2.826	2.057	2.027	2.417	1.913	2.464	2.754	2.803	2.599	2.431	2.794	2.445	1.411	2.045	2.326	2.457	2.401	2.69	2.356	2.664	2.158	2.706	2.48	3.143	3.606	2.503	2.804	2.40492
7803/	2.389	2.485	2.496	1.838	3.486	2.734	2.345	2.806	2.455	2.16	2.61	2.085	2.657	2.763	2.439	2.404	2.55	2.827	2.261	1.461	1.944	2.635	2.406	2.374	2.995	2.198	2.661	2.099	2.716	2.406	2.458	2.778	2.384	3.094	2.42617
7831/	3.572	3.681	1.71	3.044	2.743	2.048	2.606	2.569	3.423	1.803	3.423	2.001	3.039	2.359	2.064	3.845	2.944	3.422	4.095	2.579	2.635	3.82	2.441	3.925	2.72	1.988	3.561	3.558	3.622	3.57	2.861	2.54	4.041	3.601	3.09105
7895/	2.566	2.511	2.428	1.993	3.547	2.79	2.541	2.745	2.422	2.437	2.383	2.273	2.49	3.135	3.081	2.412	2.496	2.917	2.452	1.853	2.097	2.532	2.616	2.376	2.76	2.261	2.741	2.173	2.988	2.547	3.19	3.61	2.285	2.892	2.5261
7904/	2.618	2.965	2.706	2.506	3.18	2.854	2.679	2.837	3.119	2.216	2.647	2.405	2.894	3.12	3.2	2.484	2.883	2.701	2.813	1.949	2.059	2.807	2.521	2.443	3.256	2.54	2.986	2.257	2.965	2.986	3.226	3.791	2.782	3.346	2.6651
7906/	2.57	2.829	2.256	1.966	3.028	2.843	2.455	3.115	2.967	2.221	2.574	1.943	2.426	2.967	2.658	2.419	2.438	2.747	2.503	1.525	1.969	2.591	2.412	2.397	2.65	2.228	2.667	2.08	2.81	2.538	2.869	3.498	2.519	2.956	2.45832
7953/	2.4	2.727	2.307	1.971	3.384	2.479	2.413	2.749	2.312	2.248	2.506	2.289	2.323	2.844	2.596	2.541	2.627	3.058	2.559	1.683	2.14	2.467	2.57	2.327	2.799	2.226	2.536	2.181	2.832	2.599	2.628	3.861	2.86	3.008	2.45527
7954/	2.859	2.714	2.735	2.173	2.697	2.587	2.686	2.867	2.444	2.236	2.884	2.334	2.675	3.07	3.042	2.731	2.9	3.238	2.64	1.904	2.21	2.677	2.812	2.519	3.041	2.553	2.965	2.435	2.958	2.817	2.791	3.405	2.794	3.33	2.67325
7965/	1.401	2.137	1.405	0.0	0.0	1.339	1.421	1.559	0.0	1.536	3.042	0.0	1.503	2.003	0.0	2.319	1.986	2.8	3.082	0.0	1.453	0.0	1.826	2.707	1.777	1.526	1.742	1.483	1.353	1.582	1.342	0.0	1.895	2.035	1.5899
8155/	2.682	2.595	2.661	2.039	3.405	2.765	2.734	2.975	2.669	2.519	2.793	2.288	3.002	3.167	2.818	2.582	2.988	2.78	2.638	1.866	2.312	2.471	2.814	2.453	3.071	2.495	2.948	2.328	3.029	2.617	2.806	3.356	2.717	3.307	2.68188
8231/	3.022	2.498	2.524	2.127	3.413	2.775	2.587	3.071	2.31	2.449	2.564	2.078	3.112	2.951	3.111	2.484	2.588	2.769	2.664	1.87	2.191	2.574	2.52	2.647	2.771	2.426	2.924	2.339	2.891	2.791	3.18	3.578	2.676	3.197	2.63149
8307/	1.847	1.803	1.851	1.62	1.511	2.051	1.962	1.781	1.734	1.775	1.932	1.618	1.949	2.146	1.383	1.683	1.703	1.227	1.926	2.074	1.593	1.561	1.568	2.263	2.221	1.498	1.964	1.783	1.835	1.9	1.943	2.578	1.327	1.982	1.8185
8350/	2.107	1.24	2.079	1.883	2.037	1.976	2.251	1.984	0.991	2.006	2.31	1.699	1.856	2.307	1.993	1.963	2.011	2.763	2.628	2.068	2.183	1.977	2.088	1.959	1.813	2.295	1.891	2.175	2.115	2.13	2.678	2.123	1.836	1.804	2.08166
