lh.aparc.area	lh_bankssts_area	lh_caudalanteriorcingulate_area	lh_caudalmiddlefrontal_area	lh_cuneus_area	lh_entorhinal_area	lh_fusiform_area	lh_inferiorparietal_area	lh_inferiortemporal_area	lh_isthmuscingulate_area	lh_lateraloccipital_area	lh_lateralorbitofrontal_area	lh_lingual_area	lh_medialorbitofrontal_area	lh_middletemporal_area	lh_parahippocampal_area	lh_paracentral_area	lh_parsopercularis_area	lh_parsorbitalis_area	lh_parstriangularis_area	lh_pericalcarine_area	lh_postcentral_area	lh_posteriorcingulate_area	lh_precentral_area	lh_precuneus_area	lh_rostralanteriorcingulate_area	lh_rostralmiddlefrontal_area	lh_superiorfrontal_area	lh_superiorparietal_area	lh_superiortemporal_area	lh_supramarginal_area	lh_frontalpole_area	lh_temporalpole_area	lh_transversetemporal_area	lh_insula_area	lh_WhiteSurfArea_area
10398/	779.0	654.0	1895.0	1463.0	283.0	2991.0	3561.0	2670.0	871.0	4501.0	2184.0	3140.0	1482.0	2822.0	784.0	1320.0	1801.0	514.0	1176.0	1357.0	3736.0	967.0	4266.0	3748.0	900.0	4571.0	6238.0	5429.0	3175.0	3427.0	233.0	484.0	349.0	2007.0	75780.5
10423/	1044.0	697.0	2367.0	1938.0	395.0	3269.0	4779.0	2729.0	1103.0	5919.0	2338.0	3682.0	1969.0	3317.0	778.0	1218.0	1774.0	635.0	1476.0	1545.0	4004.0	1274.0	4619.0	3578.0	771.0	5210.0	7206.0	5850.0	4055.0	3787.0	210.0	585.0	502.0	2332.0	86956.4
10524/	999.0	957.0	2246.0	1638.0	421.0	4173.0	5526.0	3113.0	1060.0	5763.0	2634.0	4399.0	1837.0	2929.0	811.0	1330.0	1858.0	740.0	1306.0	1710.0	4764.0	1289.0	5704.0	4217.0	946.0	5829.0	9132.0	6634.0	4377.0	4577.0	189.0	481.0	592.0	2249.0	96432.1
10536/	1195.0	646.0	2467.0	1670.0	371.0	3434.0	5019.0	3604.0	884.0	5380.0	2419.0	3448.0	2034.0	2958.0	791.0	1091.0	1970.0	598.0	1213.0	1503.0	3840.0	1129.0	4231.0	3739.0	692.0	5402.0	6788.0	5516.0	3593.0	3931.0	208.0	510.0	468.0	1979.0	84722.3
10547/	1077.0	773.0	2964.0	1794.0	406.0	3675.0	5856.0	4184.0	1173.0	5391.0	3485.0	3680.0	2510.0	3715.0	983.0	1579.0	1622.0	784.0	1612.0	1607.0	5669.0	1334.0	6256.0	4900.0	1021.0	8323.0	8153.0	6680.0	4613.0	4256.0	214.0	492.0	622.0	2250.0	103650.0
10563/	1068.0	575.0	1642.0	1116.0	321.0	3256.0	3767.0	2936.0	847.0	3687.0	2331.0	2501.0	1509.0	2634.0	824.0	1173.0	1795.0	512.0	1085.0	1022.0	3687.0	983.0	4576.0	3377.0	696.0	5104.0	6794.0	4563.0	3620.0	3912.0	212.0	439.0	498.0	2128.0	75190.5
10566/	1131.0	666.0	2121.0	1203.0	303.0	2669.0	4439.0	3300.0	863.0	3867.0	2272.0	2233.0	1583.0	2915.0	800.0	1256.0	1367.0	632.0	1388.0	1070.0	3451.0	1080.0	4650.0	3649.0	588.0	4787.0	6826.0	4890.0	3234.0	3589.0	198.0	400.0	492.0	2167.0	76077.7
10606/	1207.0	446.0	2809.0	1505.0	460.0	3085.0	4497.0	2989.0	966.0	5182.0	2507.0	3787.0	1995.0	3180.0	801.0	1456.0	1796.0	601.0	1540.0	1242.0	3962.0	997.0	5509.0	3980.0	686.0	5880.0	7071.0	5764.0	4302.0	4904.0	215.0	465.0	608.0	1970.0	88365.6
10620/	1571.0	1051.0	3248.0	1390.0	434.0	4183.0	6108.0	3970.0	1463.0	5028.0	3319.0	3104.0	2632.0	3988.0	1025.0	1358.0	1832.0	805.0	1546.0	1408.0	4321.0	1568.0	6334.0	4699.0	1056.0	7444.0	8860.0	6778.0	4427.0	4482.0	268.0	471.0	498.0	2507.0	103179.0
10621/	1375.0	598.0	3012.0	1665.0	406.0	3708.0	5256.0	3654.0	1086.0	5399.0	3039.0	2796.0	2282.0	3559.0	726.0	1561.0	2167.0	673.0	1393.0	1522.0	4154.0	1291.0	5977.0	3824.0	1149.0	7096.0	8650.0	6794.0	4219.0	3712.0	242.0	526.0	489.0	2360.0	96357.3
10667/	793.0	648.0	1773.0	1739.0	420.0	3395.0	4533.0	3413.0	895.0	4363.0	2695.0	3135.0	1923.0	3015.0	608.0	1146.0	2021.0	683.0	1317.0	1443.0	3841.0	1079.0	4327.0	3701.0	635.0	5412.0	6159.0	5106.0	3402.0	3541.0	236.0	436.0	339.0	2038.0	80209.0
10813/	1275.0	394.0	2217.0	1491.0	472.0	3810.0	4921.0	3464.0	847.0	4953.0	2184.0	3208.0	1680.0	3144.0	675.0	1356.0	1390.0	549.0	1411.0	1437.0	3914.0	893.0	4893.0	3535.0	711.0	6423.0	7270.0	4900.0	3394.0	4374.0	215.0	486.0	433.0	1893.0	84212.5
10903/	1391.0	914.0	2345.0	1595.0	490.0	4390.0	6291.0	4176.0	1279.0	5386.0	2822.0	3852.0	2252.0	3802.0	1043.0	1398.0	1717.0	656.0	1021.0	1475.0	5568.0	1125.0	5498.0	4754.0	1267.0	6184.0	8527.0	5805.0	4182.0	4727.0	233.0	557.0	403.0	2318.0	99440.3
10943/	970.0	469.0	2270.0	1521.0	248.0	3183.0	4766.0	2536.0	886.0	4708.0	2085.0	3202.0	1489.0	2714.0	609.0	1232.0	1583.0	531.0	958.0	1101.0	3748.0	1058.0	4642.0	3539.0	615.0	4921.0	6785.0	5292.0	3386.0	3619.0	175.0	436.0	477.0	1891.0	77644.3
5202/	849.0	712.0	2116.0	1533.0	351.0	2997.0	3590.0	2692.0	866.0	4399.0	2308.0	3207.0	1884.0	2892.0	803.0	1439.0	1917.0	549.0	1212.0	1386.0	3789.0	1046.0	4378.0	4010.0	889.0	4813.0	6473.0	5644.0	3138.0	3757.0	222.0	481.0	337.0	2106.0	78786.7
5302/	945.0	605.0	2046.0	1281.0	217.0	3266.0	4950.0	3337.0	984.0	4311.0	2122.0	3041.0	1709.0	3071.0	537.0	1213.0	1722.0	555.0	1236.0	1195.0	4640.0	995.0	4965.0	3834.0	882.0	4939.0	6405.0	5816.0	3342.0	3523.0	212.0	379.0	385.0	2085.0	80744.8
5305/	869.0	604.0	1985.0	1435.0	311.0	3038.0	4493.0	2899.0	708.0	4741.0	2324.0	2765.0	1581.0	2652.0	777.0	1211.0	1593.0	631.0	1405.0	1320.0	3569.0	971.0	4455.0	3236.0	828.0	4971.0	6211.0	4505.0	3322.0	2919.0	168.0	420.0	392.0	1873.0	75179.2
5306/	726.0	426.0	2234.0	1151.0	279.0	2843.0	4115.0	2226.0	751.0	4535.0	2265.0	2674.0	1529.0	2381.0	613.0	1276.0	1849.0	608.0	1120.0	1246.0	3819.0	970.0	4672.0	3079.0	558.0	4862.0	6052.0	4337.0	3163.0	3197.0	186.0	484.0	393.0	1928.0	72548.2
5464/	905.0	595.0	2027.0	1388.0	409.0	3626.0	3457.0	2698.0	883.0	4190.0	2198.0	2699.0	1641.0	2647.0	672.0	1351.0	1771.0	519.0	1150.0	1159.0	4051.0	1081.0	4883.0	3123.0	653.0	5436.0	5964.0	5135.0	3633.0	3615.0	190.0	415.0	487.0	2231.0	76881.9
5505/	995.0	601.0	2266.0	1373.0	351.0	3918.0	5543.0	2917.0	846.0	4401.0	2490.0	3321.0	1373.0	2930.0	872.0	1135.0	1960.0	643.0	1374.0	1350.0	3715.0	931.0	4676.0	3553.0	725.0	5794.0	6882.0	5790.0	3447.0	4546.0	157.0	476.0	415.0	2262.0	84027.2
5506/	819.0	434.0	2108.0	1087.0	274.0	2836.0	3819.0	2371.0	702.0	3874.0	1842.0	2590.0	1330.0	2254.0	680.0	1009.0	1777.0	594.0	1215.0	1220.0	3329.0	790.0	4214.0	2877.0	393.0	4609.0	5553.0	4638.0	2951.0	3082.0	202.0	412.0	355.0	1713.0	67954.5
5514/	986.0	571.0	2707.0	1600.0	337.0	3198.0	4550.0	3330.0	1033.0	4998.0	2816.0	3780.0	1630.0	3216.0	791.0	1284.0	1710.0	728.0	1489.0	1479.0	3762.0	1230.0	4612.0	4050.0	699.0	5935.0	6833.0	5371.0	3876.0	3945.0	207.0	426.0	419.0	2158.0	85755.1
5515/	996.0	810.0	2889.0	1609.0	395.0	3353.0	5353.0	3359.0	919.0	5635.0	2552.0	3644.0	1850.0	3579.0	865.0	1275.0	1991.0	650.0	1540.0	1648.0	4563.0	1327.0	5824.0	3847.0	841.0	5631.0	8017.0	6023.0	4212.0	4058.0	253.0	521.0	480.0	2339.0	92846.8
5516/	1154.0	414.0	1832.0	1237.0	311.0	2780.0	4486.0	2580.0	904.0	4441.0	2561.0	2901.0	1630.0	2879.0	698.0	1281.0	1480.0	621.0	1180.0	1249.0	3963.0	913.0	4776.0	3593.0	676.0	5552.0	6744.0	5213.0	3559.0	2953.0	190.0	370.0	454.0	2067.0	77642.0
5518/	1037.0	475.0	2617.0	1273.0	297.0	3030.0	4211.0	2514.0	907.0	4233.0	2366.0	2871.0	1785.0	2746.0	640.0	1249.0	1730.0	617.0	1393.0	1164.0	3795.0	1182.0	4657.0	3517.0	595.0	5204.0	6469.0	4461.0	3335.0	3462.0	178.0	449.0	384.0	1961.0	76806.0
5640/	958.0	584.0	2362.0	1718.0	396.0	3325.0	4857.0	2941.0	963.0	4817.0	2900.0	2822.0	1792.0	3219.0	835.0	1393.0	1591.0	686.0	1512.0	1367.0	4376.0	1164.0	5715.0	2932.0	862.0	6087.0	7593.0	5206.0	4050.0	3867.0	133.0	466.0	470.0	2430.0	86388.9
5649/	1334.0	734.0	2517.0	953.0	1075.0	4115.0	6134.0	3272.0	1317.0	5087.0	2771.0	3732.0	1830.0	3141.0	1008.0	1351.0	2324.0	655.0	1429.0	1032.0	5215.0	1209.0	5734.0	3757.0	753.0	5836.0	8013.0	6514.0	4010.0	5425.0	235.0	540.0	497.0	2375.0	95923.8
5754/	1101.0	703.0	2496.0	1582.0	419.0	3830.0	4037.0	3465.0	1050.0	5191.0	2330.0	3490.0	1900.0	3087.0	694.0	1462.0	1813.0	610.0	1347.0	1353.0	4519.0	1322.0	4916.0	3759.0	827.0	6779.0	7736.0	5768.0	4011.0	4798.0	270.0	484.0	464.0	2080.0	89692.5
5755/	747.0	402.0	1631.0	1182.0	246.0	2625.0	3562.0	2721.0	541.0	3717.0	1605.0	2577.0	1209.0	2231.0	454.0	876.0	1375.0	438.0	1188.0	1162.0	2735.0	796.0	3564.0	2465.0	463.0	3734.0	5384.0	4352.0	2608.0	2251.0	158.0	392.0	318.0	1560.0	61268.9
5771/	986.0	691.0	2241.0	1662.0	297.0	3397.0	4647.0	3327.0	931.0	5277.0	2866.0	3029.0	1985.0	3174.0	774.0	1291.0	1816.0	649.0	1588.0	1474.0	4625.0	1171.0	4867.0	3900.0	764.0	5621.0	6817.0	6034.0	4010.0	3869.0	192.0	514.0	465.0	2219.0	87169.1
5798/	302.0	329.0	514.0	208.0	162.0	660.0	1236.0	599.0	809.0	805.0	852.0	552.0	539.0	652.0	754.0	92.0	297.0	169.0	290.0	241.0	1160.0	101.0	930.0	847.0	578.0	1035.0	906.0	1270.0	781.0	1266.0	30.0	67.0	159.0	1079.0	20270.6
5825/	1000.0	487.0	2444.0	998.0	285.0	3488.0	4671.0	3328.0	976.0	4136.0	2465.0	2706.0	1758.0	2450.0	631.0	1372.0	1858.0	634.0	1142.0	842.0	4034.0	1101.0	4671.0	3453.0	599.0	5693.0	6475.0	5508.0	3254.0	3329.0	215.0	564.0	445.0	2038.0	79050.0
5843/	710.0	437.0	1915.0	1178.0	289.0	2687.0	3151.0	2034.0	728.0	3865.0	1782.0	2321.0	1428.0	1896.0	512.0	1009.0	1453.0	478.0	1138.0	1197.0	2955.0	845.0	3777.0	2658.0	546.0	3640.0	4861.0	3756.0	2676.0	2505.0	122.0	359.0	316.0	1701.0	60926.7
5844/	1049.0	510.0	1909.0	1395.0	356.0	2868.0	3940.0	2498.0	752.0	4424.0	2013.0	2883.0	1344.0	2576.0	631.0	1056.0	1251.0	524.0	1299.0	1024.0	4009.0	958.0	4565.0	3431.0	661.0	4572.0	6131.0	4582.0	3647.0	3183.0	196.0	493.0	345.0	1917.0	72991.1
5899/	1103.0	594.0	2150.0	1208.0	256.0	2574.0	4083.0	3138.0	884.0	3702.0	2432.0	2909.0	1585.0	2974.0	612.0	1225.0	1378.0	617.0	848.0	1365.0	4213.0	1000.0	4570.0	3550.0	775.0	5119.0	6673.0	4876.0	3727.0	3670.0	170.0	395.0	459.0	1918.0	76749.0
5900/	1185.0	712.0	3041.0	1659.0	406.0	3557.0	4573.0	3590.0	1234.0	4490.0	2313.0	2907.0	1849.0	3286.0	543.0	1261.0	1353.0	642.0	1126.0	1537.0	4889.0	1222.0	5595.0	4234.0	748.0	6754.0	7712.0	6535.0	3775.0	3879.0	268.0	516.0	430.0	2300.0	90121.5
5902/	986.0	656.0	2922.0	1524.0	274.0	3186.0	4875.0	2876.0	1055.0	5778.0	2754.0	3435.0	1845.0	3127.0	719.0	1510.0	1803.0	667.0	1423.0	1540.0	4404.0	1291.0	5764.0	4179.0	794.0	6463.0	7527.0	5648.0	4211.0	5217.0	205.0	519.0	491.0	2158.0	91826.1
5953/	989.0	569.0	2221.0	1469.0	336.0	2995.0	3877.0	2732.0	981.0	4163.0	2325.0	3197.0	1355.0	2678.0	686.0	1178.0	1878.0	553.0	988.0	1528.0	3737.0	957.0	4747.0	3363.0	679.0	5501.0	6432.0	5486.0	3291.0	3732.0	168.0	443.0	381.0	2011.0	77627.9
5955/	955.0	658.0	2001.0	1054.0	375.0	3217.0	3975.0	2815.0	969.0	4424.0	2251.0	2835.0	1338.0	2664.0	602.0	1086.0	1461.0	626.0	1095.0	1166.0	3481.0	1272.0	4450.0	3962.0	847.0	5440.0	6616.0	5169.0	3278.0	3842.0	166.0	424.0	385.0	1884.0	76783.3
5977/	1229.0	499.0	2257.0	1288.0	336.0	2832.0	5421.0	3101.0	969.0	4827.0	2530.0	2911.0	1855.0	3434.0	817.0	1307.0	1437.0	557.0	1231.0	1364.0	4432.0	1139.0	5309.0	3402.0	808.0	5465.0	6691.0	4911.0	3966.0	4008.0	184.0	495.0	460.0	2153.0	83624.7
6010/	902.0	533.0	2017.0	1542.0	122.0	3454.0	4238.0	2923.0	986.0	4378.0	2082.0	2780.0	1623.0	2304.0	554.0	1335.0	1671.0	571.0	1580.0	1221.0	3957.0	1302.0	5163.0	3443.0	666.0	4710.0	6037.0	4799.0	3694.0	3962.0	186.0	419.0	513.0	2049.0	77716.5
6026/	1308.0	624.0	2081.0	1482.0	507.0	3949.0	4577.0	3711.0	1068.0	4795.0	2529.0	3036.0	2031.0	3795.0	793.0	1234.0	1757.0	675.0	1430.0	1378.0	4582.0	1304.0	5240.0	3836.0	855.0	6129.0	7627.0	5672.0	4589.0	4942.0	191.0	501.0	427.0	2329.0	90982.2
6028/	1124.0	420.0	2184.0	1294.0	475.0	3253.0	4583.0	2600.0	774.0	3881.0	2269.0	2645.0	1524.0	2873.0	705.0	1150.0	1540.0	512.0	964.0	1313.0	3702.0	982.0	3946.0	3142.0	521.0	4891.0	6527.0	4582.0	3386.0	3877.0	182.0	451.0	361.0	2064.0	74698.0
6033/	900.0	544.0	2051.0	1409.0	419.0	2744.0	4355.0	2488.0	772.0	4716.0	2355.0	3066.0	1303.0	2737.0	696.0	1218.0	1485.0	497.0	1112.0	1282.0	3821.0	970.0	4256.0	3445.0	503.0	5005.0	6628.0	4794.0	3273.0	3363.0	185.0	456.0	544.0	1921.0	75311.5
6034/	920.0	600.0	2726.0	1383.0	455.0	3451.0	5095.0	3279.0	1334.0	5362.0	2763.0	3457.0	1975.0	3361.0	710.0	1279.0	2327.0	701.0	1447.0	1617.0	4687.0	1142.0	5466.0	4129.0	824.0	6166.0	7990.0	5541.0	4240.0	3606.0	224.0	551.0	460.0	2231.0	91496.1
6035/	1519.0	969.0	3145.0	1637.0	352.0	3446.0	5294.0	3862.0	1177.0	5991.0	3010.0	3371.0	1988.0	3535.0	659.0	1460.0	2080.0	756.0	1615.0	1569.0	4477.0	1358.0	5743.0	3997.0	894.0	6456.0	8765.0	6215.0	4806.0	4557.0	201.0	476.0	562.0	2551.0	98492.5
6040/	983.0	750.0	2587.0	1825.0	444.0	3578.0	4904.0	3237.0	989.0	6017.0	2658.0	3528.0	2030.0	3281.0	691.0	1178.0	1821.0	835.0	1524.0	1757.0	4840.0	1179.0	5762.0	4597.0	1053.0	7080.0	7937.0	6590.0	4433.0	4466.0	248.0	608.0	566.0	2151.0	96127.2
6044/	883.0	488.0	2155.0	1371.0	320.0	2851.0	4115.0	2885.0	832.0	4473.0	2364.0	3072.0	1610.0	2442.0	581.0	1212.0	1494.0	577.0	1142.0	1317.0	4052.0	1062.0	5387.0	3395.0	694.0	5450.0	6955.0	5412.0	3702.0	4088.0	237.0	421.0	527.0	2310.0	79877.6
6045/	1173.0	544.0	2780.0	1379.0	442.0	3704.0	5187.0	2653.0	890.0	5343.0	2637.0	3116.0	2019.0	2777.0	829.0	1491.0	2343.0	675.0	1539.0	1428.0	4436.0	1053.0	4951.0	3695.0	609.0	5977.0	8187.0	5020.0	3911.0	3591.0	205.0	496.0	397.0	2053.0	87528.9
6050/	319.0	164.0	996.0	533.0	95.0	1431.0	2017.0	1037.0	43.0	1786.0	916.0	840.0	663.0	1112.0	184.0	435.0	500.0	138.0	423.0	513.0	1711.0	191.0	1966.0	1346.0	277.0	1444.0	3196.0	2525.0	1328.0	1815.0	96.0	68.0	195.0	766.0	31069.6
6057/	1001.0	568.0	2225.0	1299.0	278.0	2811.0	4235.0	2966.0	751.0	3520.0	2086.0	2732.0	1230.0	2948.0	654.0	1227.0	1838.0	541.0	1077.0	1113.0	3470.0	941.0	3936.0	3130.0	534.0	4949.0	6619.0	4574.0	3371.0	3064.0	165.0	487.0	397.0	1719.0	72455.8
6058/	914.0	565.0	2301.0	1510.0	319.0	2770.0	4357.0	2482.0	675.0	4969.0	2397.0	3232.0	1651.0	2671.0	613.0	1216.0	1674.0	514.0	1197.0	1317.0	3604.0	903.0	4000.0	3397.0	891.0	4912.0	6751.0	4959.0	3610.0	3845.0	170.0	453.0	409.0	1996.0	77244.4
6060/	777.0	638.0	3142.0	1622.0	423.0	3472.0	3835.0	3464.0	793.0	4862.0	2610.0	3099.0	1633.0	2823.0	626.0	1314.0	1558.0	581.0	1253.0	1552.0	3838.0	988.0	4628.0	3890.0	718.0	5507.0	7111.0	5461.0	3232.0	4401.0	203.0	515.0	407.0	2069.0	83046.7
6102/	1127.0	562.0	3050.0	1301.0	297.0	3415.0	4754.0	2810.0	1066.0	3977.0	2817.0	2688.0	1937.0	2850.0	773.0	1556.0	1902.0	532.0	1447.0	1248.0	4244.0	1292.0	4963.0	3153.0	784.0	6187.0	7443.0	5011.0	4381.0	3596.0	137.0	403.0	485.0	2382.0	84569.7
6103/	875.0	853.0	2725.0	1454.0	435.0	3684.0	4182.0	3438.0	1043.0	5911.0	2664.0	3220.0	2064.0	3013.0	813.0	1350.0	1886.0	723.0	1409.0	1560.0	4626.0	1215.0	5196.0	3829.0	964.0	6172.0	8283.0	6594.0	4739.0	4785.0	256.0	574.0	515.0	2270.0	93320.2
6105/	1216.0	754.0	2092.0	1682.0	421.0	3277.0	5325.0	3623.0	957.0	5189.0	2696.0	3504.0	1928.0	3403.0	726.0	1419.0	1813.0	677.0	1440.0	1541.0	4294.0	1147.0	5108.0	3510.0	1023.0	6368.0	7839.0	5822.0	4270.0	3905.0	168.0	484.0	518.0	2170.0	90311.2
6138/	963.0	339.0	2074.0	1267.0	277.0	2826.0	3254.0	2399.0	622.0	4102.0	2169.0	2788.0	1453.0	2592.0	624.0	1218.0	1797.0	534.0	995.0	995.0	3255.0	913.0	4168.0	3020.0	756.0	4064.0	5715.0	4780.0	3064.0	3313.0	159.0	343.0	399.0	1688.0	68922.9
6149/	1165.0	736.0	2143.0	1750.0	449.0	3808.0	5895.0	4202.0	1116.0	4980.0	3075.0	2924.0	1960.0	3213.0	969.0	1175.0	1613.0	733.0	1207.0	1388.0	4300.0	1171.0	5331.0	3965.0	697.0	6309.0	7820.0	6264.0	3984.0	4327.0	237.0	554.0	555.0	2212.0	92228.5
6162/	905.0	542.0	2040.0	1218.0	299.0	2688.0	3859.0	2138.0	784.0	4306.0	1913.0	2646.0	1516.0	2387.0	529.0	1003.0	1352.0	394.0	870.0	1120.0	3585.0	887.0	3854.0	2909.0	660.0	3929.0	5671.0	4131.0	2964.0	2880.0	176.0	372.0	323.0	1803.0	66655.0
6163/	1148.0	594.0	3076.0	1359.0	327.0	3505.0	5381.0	3417.0	870.0	4870.0	2134.0	3141.0	1806.0	3085.0	706.0	1176.0	1588.0	495.0	1273.0	1160.0	4422.0	1189.0	5013.0	3852.0	886.0	5845.0	7432.0	5528.0	3695.0	3860.0	230.0	418.0	409.0	1967.0	85855.8
6165/	1213.0	782.0	3418.0	1587.0	313.0	3955.0	6015.0	3939.0	1068.0	5683.0	2917.0	3495.0	2275.0	3922.0	944.0	1615.0	2162.0	738.0	1547.0	1394.0	4570.0	1421.0	5888.0	4306.0	1301.0	6730.0	8126.0	5431.0	4345.0	4149.0	225.0	448.0	492.0	2605.0	99019.1
6167/	1075.0	573.0	2381.0	1403.0	243.0	2938.0	4519.0	3023.0	841.0	4929.0	2047.0	3198.0	1645.0	3031.0	586.0	1259.0	1766.0	565.0	1039.0	1086.0	3474.0	941.0	4358.0	3650.0	705.0	5185.0	6730.0	4838.0	3561.0	3639.0	218.0	478.0	416.0	1918.0	78257.3
6199/	761.0	553.0	2475.0	1544.0	367.0	2989.0	3844.0	2706.0	1096.0	5000.0	2080.0	2772.0	1719.0	2537.0	662.0	1523.0	1633.0	524.0	1366.0	1328.0	4226.0	1153.0	5063.0	3249.0	839.0	5606.0	6841.0	5780.0	4250.0	4358.0	232.0	400.0	601.0	2067.0	82142.6
6226/	977.0	608.0	2382.0	1274.0	266.0	2873.0	4354.0	2895.0	1135.0	4440.0	2641.0	2761.0	1477.0	3028.0	810.0	1282.0	1796.0	621.0	988.0	973.0	4056.0	1113.0	4406.0	3800.0	797.0	5335.0	7232.0	5372.0	3781.0	4207.0	180.0	475.0	419.0	2441.0	81194.3
6227/	1258.0	740.0	2625.0	1418.0	394.0	3706.0	4715.0	3352.0	1286.0	4818.0	2554.0	3306.0	2126.0	3188.0	709.0	1270.0	2010.0	570.0	1469.0	1339.0	4445.0	1441.0	4833.0	4433.0	965.0	5479.0	8461.0	6362.0	3893.0	4168.0	174.0	409.0	454.0	2259.0	90632.2
6228/	1042.0	742.0	2468.0	1538.0	448.0	3330.0	5029.0	3525.0	1237.0	5024.0	2549.0	3855.0	2041.0	3200.0	812.0	1255.0	1628.0	605.0	1547.0	1874.0	4443.0	1383.0	5110.0	4619.0	1042.0	6759.0	7314.0	5847.0	3963.0	4513.0	210.0	490.0	349.0	2089.0	91879.8
6229/	1131.0	599.0	3515.0	1435.0	364.0	3933.0	5452.0	3039.0	1457.0	4643.0	2935.0	3668.0	2478.0	3110.0	921.0	1602.0	2253.0	626.0	1301.0	1869.0	4796.0	1479.0	5279.0	4797.0	789.0	7147.0	9212.0	6871.0	4518.0	5474.0	237.0	406.0	506.0	2458.0	100298.0
6291/	750.0	427.0	1588.0	1112.0	310.0	2187.0	3458.0	2360.0	698.0	3709.0	2057.0	2447.0	1261.0	2200.0	469.0	1139.0	1467.0	410.0	970.0	963.0	3433.0	941.0	4001.0	2965.0	480.0	3377.0	6034.0	4023.0	2846.0	2915.0	152.0	388.0	438.0	1836.0	63812.8
6347/	1033.0	472.0	1830.0	1660.0	439.0	3359.0	4599.0	2578.0	1059.0	5043.0	2564.0	3066.0	1743.0	2613.0	563.0	1241.0	1817.0	673.0	1580.0	1422.0	4290.0	1021.0	5510.0	3852.0	733.0	5206.0	7713.0	5241.0	4242.0	3595.0	208.0	459.0	587.0	2217.0	84225.8
6348/	1022.0	526.0	2068.0	1559.0	358.0	3337.0	4504.0	2708.0	1016.0	4851.0	2368.0	2745.0	1420.0	2700.0	720.0	1086.0	1450.0	519.0	1303.0	1130.0	3810.0	997.0	4798.0	3984.0	801.0	4726.0	6681.0	5204.0	3335.0	3317.0	198.0	370.0	460.0	2083.0	78154.4
6503/	1196.0	705.0	2286.0	1564.0	554.0	3977.0	5463.0	3113.0	922.0	6015.0	2816.0	3536.0	2058.0	3666.0	867.0	1492.0	2165.0	759.0	1343.0	1631.0	4791.0	1148.0	5060.0	4405.0	747.0	6414.0	7589.0	6582.0	4377.0	4563.0	220.0	561.0	578.0	2693.0	95854.6
6512/	778.0	634.0	2107.0	1393.0	341.0	3246.0	4135.0	2919.0	980.0	4712.0	2158.0	2777.0	1302.0	2728.0	661.0	1211.0	1500.0	716.0	1149.0	1193.0	3619.0	942.0	4564.0	3010.0	716.0	5314.0	6973.0	5261.0	3852.0	3684.0	157.0	487.0	488.0	1989.0	77694.5
6613/	1382.0	600.0	2812.0	1541.0	365.0	3602.0	5049.0	3329.0	1065.0	5232.0	2686.0	3750.0	2162.0	3511.0	934.0	1691.0	2099.0	698.0	1267.0	1245.0	4582.0	1138.0	5383.0	4469.0	828.0	7391.0	8182.0	6163.0	4007.0	4387.0	283.0	536.0	515.0	2218.0	95102.0
6636/	305.0	0.0	941.0	396.0	235.0	927.0	1634.0	805.0	521.0	1232.0	392.0	1015.0	56.0	771.0	840.0	561.0	653.0	61.0	412.0	385.0	2124.0	757.0	2403.0	1337.0	0.0	1750.0	1074.0	2222.0	1214.0	1912.0	55.0	232.0	197.0	995.0	28413.1
6685/	219.0	20.0	612.0	243.0	145.0	604.0	1030.0	536.0	64.0	1028.0	690.0	272.0	247.0	505.0	166.0	100.0	352.0	101.0	255.0	245.0	1150.0	49.0	1370.0	862.0	1.0	1074.0	1176.0	1252.0	894.0	925.0	80.0	135.0	123.0	1096.0	17619.7
6712/	787.0	557.0	1528.0	1079.0	303.0	2936.0	3477.0	2479.0	674.0	4371.0	1655.0	2838.0	1256.0	2585.0	624.0	1011.0	968.0	467.0	799.0	1480.0	3449.0	938.0	3502.0	3077.0	629.0	4579.0	5880.0	4272.0	2659.0	3582.0	230.0	459.0	337.0	1470.0	66936.1
6730/	1140.0	611.0	2239.0	1431.0	455.0	2956.0	4807.0	3263.0	678.0	3821.0	2187.0	2685.0	1540.0	2885.0	720.0	1328.0	1756.0	621.0	1425.0	1145.0	3795.0	938.0	4613.0	3692.0	785.0	5611.0	7095.0	4904.0	3752.0	3513.0	159.0	559.0	456.0	2055.0	79621.2
6731/	1183.0	482.0	3040.0	1391.0	432.0	3792.0	4334.0	3048.0	1154.0	4491.0	2682.0	3229.0	1868.0	3001.0	801.0	1315.0	1575.0	654.0	1194.0	1321.0	4460.0	1184.0	5076.0	3978.0	526.0	5814.0	7388.0	6074.0	3848.0	4071.0	207.0	511.0	607.0	2227.0	86959.2
6732/	1115.0	585.0	2195.0	1280.0	496.0	2951.0	4321.0	3816.0	1001.0	4608.0	2120.0	2881.0	1733.0	2445.0	585.0	1172.0	1406.0	476.0	1209.0	1110.0	3898.0	1289.0	4607.0	3665.0	602.0	5174.0	7476.0	4986.0	3175.0	3966.0	215.0	457.0	535.0	2131.0	79679.5
6738/	1046.0	674.0	3385.0	1862.0	468.0	4486.0	4816.0	4004.0	1161.0	5999.0	3277.0	4129.0	2244.0	3554.0	1025.0	1540.0	2049.0	873.0	1304.0	1692.0	4653.0	1180.0	6683.0	4091.0	1188.0	7463.0	9039.0	6839.0	4273.0	5536.0	270.0	600.0	605.0	2427.0	104430.0
6741/	748.0	692.0	1945.0	1533.0	339.0	2987.0	4468.0	3631.0	1120.0	4899.0	3010.0	3352.0	1816.0	2999.0	635.0	1474.0	1786.0	712.0	1493.0	1703.0	4184.0	1351.0	5151.0	3738.0	650.0	6186.0	7948.0	5528.0	3800.0	3901.0	249.0	413.0	485.0	2123.0	87048.9
6752/	214.0	0.0	624.0	196.0	23.0	407.0	1717.0	627.0	3.0	1281.0	492.0	0.0	412.0	839.0	0.0	191.0	520.0	206.0	227.0	111.0	1269.0	11.0	1489.0	605.0	125.0	1500.0	1128.0	2031.0	615.0	997.0	87.0	271.0	50.0	517.0	18789.1
6802/	1075.0	718.0	2507.0	1655.0	387.0	3168.0	4619.0	3023.0	1125.0	5261.0	2316.0	3625.0	1811.0	2664.0	728.0	1419.0	1754.0	649.0	1673.0	1539.0	4372.0	1200.0	5395.0	4004.0	921.0	5890.0	7817.0	6115.0	3652.0	3613.0	270.0	482.0	461.0	2169.0	88077.2
6863/	905.0	507.0	2423.0	2028.0	381.0	3335.0	5385.0	3931.0	904.0	5584.0	2396.0	2740.0	1562.0	3577.0	656.0	1511.0	1633.0	620.0	1333.0	1382.0	4564.0	1266.0	4869.0	3777.0	592.0	6972.0	7194.0	6040.0	3271.0	3630.0	216.0	482.0	474.0	2091.0	88229.9
6888/	1084.0	885.0	2147.0	1644.0	448.0	3352.0	4773.0	3167.0	1522.0	5124.0	2876.0	3524.0	2406.0	3155.0	761.0	1390.0	1714.0	723.0	1314.0	1699.0	4158.0	1489.0	5657.0	4048.0	789.0	5739.0	7506.0	6483.0	3739.0	4268.0	228.0	442.0	538.0	2081.0	90871.4
6908/	1216.0	632.0	3114.0	1650.0	366.0	3372.0	4288.0	2670.0	1117.0	5323.0	2275.0	3043.0	1548.0	2549.0	639.0	1381.0	1649.0	644.0	1318.0	1182.0	3871.0	1218.0	4882.0	3484.0	911.0	5852.0	7818.0	5415.0	3827.0	3671.0	209.0	397.0	488.0	2199.0	84213.8
6909/	833.0	711.0	2644.0	1344.0	368.0	3154.0	4159.0	3127.0	833.0	4555.0	2714.0	2972.0	1576.0	3063.0	748.0	1167.0	1921.0	679.0	1506.0	1197.0	3739.0	1115.0	4231.0	3745.0	821.0	5579.0	6527.0	5118.0	3807.0	3140.0	151.0	370.0	663.0	2548.0	80825.6
6955/	1230.0	671.0	2756.0	1668.0	523.0	3363.0	5429.0	3699.0	1019.0	5900.0	2385.0	3991.0	2122.0	3168.0	704.0	1341.0	1766.0	725.0	1468.0	1654.0	4108.0	1264.0	4658.0	3908.0	873.0	6936.0	7160.0	5637.0	3836.0	3638.0	239.0	456.0	501.0	2167.0	90959.3
6957/	1121.0	482.0	2055.0	1196.0	409.0	3399.0	4237.0	3314.0	707.0	3680.0	2044.0	3061.0	1511.0	2561.0	598.0	1010.0	1213.0	546.0	915.0	1026.0	3553.0	970.0	4408.0	3096.0	544.0	4868.0	6331.0	4471.0	3325.0	3416.0	171.0	477.0	341.0	1809.0	72865.4
6958/	968.0	567.0	2167.0	1402.0	287.0	3000.0	4252.0	3198.0	748.0	5501.0	2126.0	2923.0	1798.0	3055.0	598.0	1285.0	1703.0	650.0	1183.0	1311.0	4417.0	871.0	4419.0	3238.0	671.0	5695.0	7397.0	4731.0	3940.0	3249.0	207.0	517.0	449.0	1988.0	80509.1
6964/	915.0	460.0	2201.0	1189.0	303.0	2655.0	4990.0	3343.0	796.0	4019.0	2605.0	2645.0	1898.0	2881.0	805.0	1109.0	1795.0	598.0	1047.0	939.0	3681.0	920.0	3941.0	3093.0	571.0	4935.0	6603.0	4726.0	3766.0	3533.0	184.0	396.0	435.0	2046.0	76025.2
6965/	1577.0	735.0	2812.0	1300.0	448.0	3739.0	6418.0	4063.0	1174.0	5169.0	2991.0	3146.0	1702.0	3643.0	862.0	1384.0	1990.0	692.0	1598.0	1149.0	4656.0	1605.0	4823.0	3995.0	998.0	6415.0	8759.0	5387.0	4668.0	5069.0	219.0	536.0	614.0	2717.0	97053.2
6983/	1062.0	594.0	2258.0	1607.0	353.0	3462.0	4345.0	3643.0	1041.0	5160.0	2685.0	3869.0	1881.0	3165.0	745.0	1258.0	1561.0	711.0	1501.0	1705.0	4926.0	1174.0	5274.0	3960.0	727.0	5705.0	7313.0	5687.0	4002.0	3756.0	178.0	484.0	450.0	2333.0	88572.8
6985/	1008.0	582.0	2220.0	1146.0	376.0	2930.0	4674.0	2988.0	991.0	3728.0	2447.0	2841.0	1874.0	2876.0	758.0	1241.0	1625.0	578.0	1189.0	1322.0	3860.0	1173.0	4541.0	3463.0	651.0	5089.0	6938.0	5228.0	3462.0	3664.0	201.0	496.0	537.0	2062.0	78760.2
7041/	50.0	0.0	165.0	65.0	7.0	203.0	352.0	129.0	0.0	236.0	145.0	34.0	35.0	153.0	16.0	76.0	108.0	46.0	88.0	40.0	391.0	0.0	408.0	113.0	0.0	325.0	260.0	414.0	180.0	367.0	13.0	0.0	38.0	184.0	4642.02
7055/	55.0	323.0	20.0	124.0	0.0	569.0	1547.0	904.0	21.0	1320.0	0.0	118.0	82.0	246.0	0.0	654.0	0.0	0.0	0.0	54.0	830.0	595.0	638.0	1001.0	310.0	184.0	2208.0	1993.0	0.0	310.0	32.0	0.0	0.0	0.0	14135.7
7105/	964.0	502.0	1814.0	1498.0	359.0	3163.0	4316.0	2339.0	721.0	4596.0	2102.0	2982.0	1179.0	2491.0	626.0	1044.0	1589.0	498.0	1108.0	1400.0	3605.0	885.0	4617.0	2806.0	645.0	4911.0	6557.0	4820.0	3130.0	2922.0	166.0	432.0	411.0	2045.0	73241.7
7106/	987.0	531.0	1777.0	1196.0	273.0	2600.0	4213.0	2591.0	786.0	4069.0	2197.0	2468.0	1850.0	2892.0	759.0	1233.0	1735.0	624.0	1298.0	1106.0	3517.0	1139.0	4749.0	2969.0	543.0	5170.0	6745.0	4910.0	3558.0	3529.0	213.0	483.0	426.0	1990.0	75125.0
7108/	931.0	479.0	2162.0	1858.0	303.0	3235.0	4107.0	2575.0	734.0	4796.0	2160.0	3585.0	1407.0	2901.0	623.0	1447.0	1409.0	534.0	1123.0	1557.0	4307.0	962.0	5179.0	3153.0	693.0	5177.0	6735.0	5331.0	3685.0	3303.0	267.0	493.0	491.0	1934.0	79637.9
7118/	541.0	0.0	618.0	0.0	123.0	77.0	1395.0	559.0	0.0	855.0	697.0	0.0	90.0	1084.0	0.0	0.0	525.0	103.0	436.0	0.0	643.0	0.0	1307.0	0.0	0.0	962.0	192.0	6.0	1259.0	1070.0	3.0	90.0	178.0	1484.0	14296.4
7148/	70.0	10.0	155.0	0.0	35.0	116.0	386.0	43.0	0.0	1.0	218.0	0.0	121.0	109.0	42.0	92.0	121.0	24.0	59.0	0.0	623.0	2.0	471.0	10.0	66.0	320.0	510.0	314.0	377.0	425.0	11.0	71.0	29.0	260.0	5091.11
7151/	1444.0	631.0	2321.0	1528.0	466.0	3026.0	4563.0	3148.0	1155.0	5494.0	2976.0	3376.0	2110.0	3849.0	660.0	1338.0	1904.0	754.0	1501.0	1448.0	4048.0	972.0	5263.0	3910.0	841.0	6182.0	7561.0	6041.0	3885.0	4163.0	218.0	542.0	463.0	2064.0	89845.6
7152/	893.0	458.0	1602.0	1321.0	373.0	2934.0	3853.0	2722.0	690.0	4293.0	2376.0	2913.0	1850.0	2339.0	565.0	1217.0	1431.0	498.0	907.0	1184.0	3733.0	1043.0	4204.0	3145.0	524.0	4746.0	6354.0	4959.0	3537.0	3064.0	223.0	471.0	382.0	2039.0	72842.9
7163/	1100.0	1014.0	2477.0	1891.0	434.0	3430.0	6099.0	3386.0	1058.0	5284.0	2446.0	3411.0	1957.0	3475.0	791.0	1493.0	2073.0	624.0	1405.0	1352.0	4491.0	1232.0	5357.0	3806.0	822.0	6913.0	6801.0	5503.0	4072.0	3421.0	242.0	518.0	510.0	2278.0	91167.6
7168/	1571.0	628.0	3107.0	1229.0	617.0	3576.0	5421.0	3934.0	1254.0	5923.0	2886.0	2789.0	2023.0	3764.0	755.0	1777.0	2133.0	750.0	1357.0	1296.0	4365.0	1196.0	5555.0	3615.0	854.0	6546.0	9852.0	5475.0	4939.0	4702.0	248.0	620.0	407.0	2316.0	97481.3
7170/	1143.0	597.0	2984.0	1450.0	414.0	3494.0	5725.0	4087.0	1235.0	5292.0	2855.0	3076.0	1757.0	3534.0	739.0	1627.0	1925.0	743.0	1529.0	1127.0	3980.0	1353.0	5509.0	4234.0	898.0	6387.0	9551.0	5760.0	4286.0	3877.0	217.0	511.0	523.0	2289.0	94709.4
7206/	1059.0	566.0	2492.0	1216.0	375.0	3292.0	4043.0	3113.0	1009.0	3659.0	2247.0	2983.0	1773.0	2770.0	743.0	1310.0	1405.0	598.0	1007.0	1307.0	3605.0	1189.0	4442.0	3171.0	629.0	4922.0	5936.0	5143.0	3776.0	4027.0	240.0	452.0	420.0	1797.0	76717.2
7207/	1031.0	511.0	1890.0	1281.0	283.0	3181.0	4396.0	2903.0	794.0	4211.0	2620.0	3114.0	1697.0	2802.0	711.0	1219.0	1560.0	642.0	1048.0	1231.0	3133.0	1017.0	4129.0	3955.0	777.0	5289.0	7066.0	5488.0	3965.0	4342.0	218.0	466.0	507.0	2035.0	79509.2
7229/	1269.0	507.0	2257.0	1205.0	322.0	3244.0	4980.0	3084.0	956.0	4365.0	2555.0	2675.0	1618.0	2921.0	711.0	1382.0	1853.0	594.0	1198.0	1175.0	4307.0	1070.0	4708.0	3579.0	784.0	4843.0	7712.0	4970.0	3997.0	3929.0	182.0	342.0	505.0	1975.0	81777.1
7230/	1222.0	746.0	2799.0	1617.0	335.0	3206.0	5414.0	3714.0	1017.0	4818.0	2583.0	3489.0	1818.0	3007.0	798.0	1475.0	2138.0	654.0	1298.0	1746.0	4494.0	1041.0	5428.0	4093.0	1088.0	5264.0	8201.0	6334.0	4186.0	4337.0	197.0	366.0	556.0	2158.0	91638.6
7286/	912.0	535.0	2665.0	1539.0	509.0	3253.0	4130.0	3317.0	982.0	4599.0	2597.0	3198.0	1948.0	2629.0	677.0	1409.0	1643.0	713.0	1320.0	1408.0	4073.0	1154.0	4991.0	3859.0	830.0	5443.0	7336.0	6397.0	4187.0	4632.0	205.0	549.0	439.0	2107.0	86182.8
7287/	893.0	812.0	2526.0	1652.0	564.0	3683.0	4542.0	4081.0	1235.0	5165.0	2930.0	3127.0	2011.0	3035.0	788.0	1476.0	1867.0	723.0	1330.0	1520.0	4769.0	1144.0	5395.0	4220.0	1072.0	6179.0	8532.0	6295.0	4739.0	4987.0	196.0	484.0	645.0	2721.0	95339.0
7289/	955.0	599.0	2662.0	1533.0	406.0	3510.0	4358.0	3276.0	881.0	4351.0	2620.0	3379.0	2065.0	2917.0	912.0	1303.0	1543.0	672.0	1343.0	1309.0	4511.0	1507.0	5174.0	4194.0	793.0	5503.0	7297.0	5832.0	3695.0	3875.0	185.0	457.0	578.0	2249.0	86443.6
7290/	937.0	576.0	2198.0	1333.0	356.0	2810.0	3753.0	3006.0	888.0	3757.0	2141.0	2288.0	1914.0	2290.0	639.0	1195.0	1516.0	598.0	1451.0	1254.0	3315.0	939.0	4434.0	3003.0	748.0	4517.0	6969.0	4821.0	3396.0	3317.0	182.0	495.0	405.0	2307.0	73746.5
7293/	867.0	678.0	2397.0	1441.0	201.0	3180.0	4199.0	3282.0	925.0	3661.0	2359.0	2681.0	1402.0	2474.0	629.0	1384.0	1581.0	592.0	1409.0	1314.0	4387.0	1128.0	4618.0	3432.0	793.0	5213.0	6008.0	5220.0	3227.0	3495.0	232.0	478.0	395.0	1973.0	77254.0
7321/	849.0	560.0	2212.0	1221.0	450.0	3072.0	4733.0	3442.0	827.0	4272.0	2705.0	3264.0	1587.0	3445.0	693.0	1362.0	2015.0	691.0	1362.0	1283.0	3747.0	1011.0	4701.0	3851.0	866.0	5200.0	7582.0	5568.0	3691.0	3677.0	197.0	398.0	357.0	2047.0	82937.9
7341/	1012.0	552.0	2345.0	1272.0	340.0	2995.0	5035.0	2860.0	744.0	4402.0	2484.0	3094.0	1571.0	2934.0	668.0	1356.0	1787.0	456.0	1427.0	1415.0	3692.0	982.0	4278.0	3400.0	806.0	5387.0	6938.0	5439.0	3669.0	3454.0	145.0	521.0	475.0	1999.0	79937.8
7359/	0.0	0.0	729.0	260.0	0.0	0.0	110.0	0.0	0.0	0.0	78.0	0.0	425.0	0.0	0.0	82.0	559.0	86.0	202.0	63.0	1983.0	0.0	1871.0	886.0	39.0	1298.0	1310.0	1876.0	26.0	993.0	60.0	0.0	19.0	157.0	13111.4
7366/	1051.0	521.0	2711.0	1690.0	485.0	4123.0	4207.0	3365.0	918.0	4736.0	2478.0	3079.0	1758.0	3156.0	731.0	1306.0	1655.0	619.0	1405.0	1618.0	4614.0	1046.0	4829.0	3505.0	660.0	5915.0	7695.0	6568.0	4256.0	4050.0	200.0	537.0	545.0	2241.0	88272.9
7367/	1398.0	645.0	2339.0	1712.0	628.0	3934.0	5933.0	3789.0	1292.0	5430.0	3101.0	3802.0	2348.0	3923.0	1049.0	1654.0	1954.0	615.0	1474.0	1633.0	5347.0	1377.0	7178.0	3720.0	1001.0	7037.0	8523.0	5366.0	4777.0	6165.0	285.0	532.0	444.0	2681.0	103087.0
7368/	1215.0	625.0	2439.0	1640.0	451.0	3702.0	5329.0	3625.0	983.0	4255.0	2761.0	3241.0	1890.0	3553.0	851.0	1372.0	1869.0	618.0	1410.0	1543.0	4401.0	1070.0	5107.0	3829.0	1007.0	5656.0	6942.0	6293.0	4664.0	4633.0	190.0	520.0	522.0	2442.0	90649.6
7515/	319.0	204.0	328.0	183.0	312.0	455.0	1020.0	993.0	0.0	605.0	591.0	110.0	201.0	663.0	228.0	31.0	293.0	76.0	167.0	103.0	1115.0	71.0	1247.0	31.0	73.0	537.0	1218.0	762.0	988.0	1143.0	32.0	120.0	158.0	1078.0	15457.2
7516/	910.0	587.0	2303.0	1650.0	338.0	3353.0	4291.0	3204.0	891.0	4971.0	2813.0	3390.0	1843.0	2486.0	595.0	1706.0	1950.0	701.0	1191.0	1352.0	4617.0	1421.0	4770.0	3660.0	753.0	5361.0	8390.0	5525.0	3715.0	4161.0	201.0	497.0	447.0	2176.0	86216.9
7576/	75.0	117.0	230.0	51.0	137.0	310.0	614.0	276.0	234.0	369.0	299.0	282.0	185.0	395.0	650.0	29.0	239.0	68.0	93.0	109.0	461.0	246.0	576.0	450.0	123.0	596.0	684.0	790.0	497.0	634.0	17.0	101.0	80.0	416.0	10430.8
7581/	328.0	6.0	868.0	377.0	236.0	1043.0	1702.0	1179.0	839.0	2051.0	1100.0	1400.0	598.0	1114.0	404.0	539.0	742.0	305.0	567.0	587.0	1735.0	506.0	2170.0	1544.0	0.0	2071.0	2661.0	2109.0	1606.0	1794.0	162.0	276.0	136.0	1214.0	33969.1
7620/	331.0	0.0	869.0	476.0	276.0	840.0	2041.0	714.0	117.0	1392.0	1097.0	797.0	534.0	866.0	206.0	682.0	588.0	176.0	286.0	555.0	2368.0	27.0	2151.0	1353.0	105.0	2228.0	4122.0	2017.0	1102.0	1572.0	76.0	128.0	162.0	1194.0	31447.8
7636/	94.0	23.0	180.0	100.0	10.0	292.0	918.0	340.0	3.0	624.0	242.0	185.0	33.0	310.0	18.0	157.0	182.0	43.0	111.0	115.0	511.0	129.0	573.0	360.0	7.0	396.0	636.0	933.0	61.0	669.0	0.0	13.0	13.0	344.0	8625.69
7690/	1140.0	511.0	2758.0	1340.0	354.0	3122.0	3459.0	3199.0	972.0	5116.0	2320.0	3368.0	1872.0	2689.0	695.0	1207.0	1574.0	561.0	1475.0	1431.0	3668.0	1051.0	4536.0	3932.0	711.0	5454.0	7033.0	5546.0	3599.0	4678.0	203.0	537.0	458.0	2232.0	82800.9
7802/	733.0	728.0	2575.0	1510.0	481.0	3343.0	4701.0	3526.0	959.0	4778.0	2752.0	3408.0	2051.0	2999.0	864.0	1422.0	1593.0	630.0	1350.0	1278.0	4424.0	991.0	5389.0	3607.0	731.0	6140.0	7783.0	5526.0	3991.0	4636.0	182.0	545.0	486.0	2629.0	88741.2
7803/	1033.0	881.0	2636.0	1437.0	288.0	3201.0	4696.0	2848.0	867.0	5208.0	2882.0	3137.0	1459.0	2816.0	724.0	1293.0	1977.0	724.0	1712.0	1136.0	4167.0	1221.0	4414.0	3552.0	852.0	6352.0	8084.0	6302.0	4073.0	3840.0	197.0	547.0	533.0	2396.0	87486.2
7831/	246.0	66.0	653.0	230.0	182.0	567.0	1137.0	585.0	0.0	1177.0	416.0	492.0	290.0	540.0	120.0	373.0	323.0	101.0	251.0	273.0	989.0	681.0	1579.0	355.0	164.0	1018.0	1797.0	1290.0	782.0	949.0	41.0	89.0	82.0	693.0	18532.2
7895/	890.0	396.0	1531.0	1087.0	363.0	2603.0	3180.0	2741.0	641.0	3966.0	1860.0	2820.0	1217.0	2519.0	701.0	892.0	1124.0	491.0	940.0	1031.0	3487.0	843.0	4066.0	2626.0	350.0	4603.0	5806.0	4582.0	3335.0	2870.0	150.0	436.0	375.0	1709.0	66228.4
7904/	918.0	477.0	2175.0	1499.0	334.0	3356.0	4081.0	2378.0	951.0	4897.0	2102.0	3270.0	1255.0	2720.0	1898.0	1346.0	1473.0	590.0	1243.0	1608.0	3880.0	1028.0	4548.0	3581.0	746.0	4868.0	6689.0	5666.0	3422.0	3685.0	185.0	531.0	394.0	2201.0	79994.1
7906/	983.0	375.0	2250.0	1114.0	345.0	2786.0	4134.0	2689.0	948.0	3918.0	2242.0	2750.0	1346.0	2648.0	716.0	1089.0	1508.0	649.0	1263.0	1082.0	3983.0	986.0	4089.0	3234.0	669.0	4887.0	6393.0	4946.0	3309.0	3245.0	162.0	399.0	428.0	1920.0	73483.0
7953/	1047.0	533.0	2896.0	1156.0	383.0	3146.0	3544.0	2599.0	780.0	4628.0	2515.0	2913.0	1545.0	2534.0	632.0	1380.0	1671.0	693.0	1229.0	1076.0	3801.0	1070.0	5268.0	3047.0	874.0	5513.0	6861.0	5060.0	3840.0	3634.0	215.0	380.0	479.0	1896.0	78839.1
7954/	1038.0	675.0	3012.0	1669.0	399.0	3323.0	4289.0	3360.0	894.0	5391.0	2271.0	4071.0	1680.0	3329.0	653.0	1500.0	1848.0	727.0	1273.0	1456.0	4482.0	1248.0	5642.0	3902.0	882.0	6785.0	7281.0	6207.0	3998.0	3813.0	235.0	484.0	504.0	2022.0	90345.2
7965/	157.0	0.0	237.0	219.0	78.0	397.0	833.0	353.0	0.0	537.0	346.0	169.0	0.0	355.0	218.0	313.0	225.0	95.0	183.0	202.0	954.0	22.0	1087.0	529.0	0.0	609.0	238.0	1059.0	619.0	798.0	0.0	102.0	89.0	792.0	11815.7
8155/	998.0	517.0	2169.0	1496.0	301.0	3367.0	3789.0	3178.0	680.0	4288.0	2247.0	2941.0	1712.0	2815.0	652.0	1315.0	1721.0	694.0	1563.0	1234.0	4532.0	1091.0	4804.0	3642.0	699.0	5322.0	7445.0	4911.0	3785.0	4079.0	187.0	456.0	585.0	2162.0	81376.2
8231/	1051.0	678.0	2108.0	1483.0	343.0	3592.0	5094.0	4127.0	1059.0	4853.0	2556.0	3309.0	1742.0	3698.0	665.0	1110.0	1838.0	754.0	1276.0	1187.0	4358.0	1270.0	4843.0	3619.0	668.0	5873.0	8193.0	5892.0	4362.0	3717.0	173.0	500.0	569.0	2215.0	88777.1
8307/	242.0	81.0	414.0	269.0	84.0	369.0	1202.0	627.0	0.0	1043.0	496.0	358.0	358.0	614.0	298.0	316.0	215.0	84.0	213.0	259.0	862.0	12.0	1188.0	570.0	324.0	1013.0	1705.0	1660.0	773.0	853.0	56.0	44.0	104.0	761.0	17466.2
8350/	497.0	88.0	819.0	552.0	219.0	2328.0	2210.0	1647.0	78.0	1555.0	1335.0	2115.0	1077.0	1332.0	404.0	770.0	821.0	237.0	550.0	506.0	1940.0	98.0	2023.0	1627.0	2077.0	2062.0	3037.0	2529.0	1708.0	2757.0	27.0	211.0	503.0	889.0	40627.2
