lh.BA.area	lh_BA1_area	lh_BA2_area	lh_BA3a_area	lh_BA3b_area	lh_BA4a_area	lh_BA4p_area	lh_BA6_area	lh_BA44_area	lh_BA45_area	lh_V1_area	lh_V2_area	lh_MT_area	lh_perirhinal_area	lh_WhiteSurfArea_area
10398/	574.0	2340.0	656.0	1351.0	936.0	727.0	5561.0	1623.0	2170.0	2375.0	5469.0	1258.0	580.0	81176.1
10423/	648.0	2644.0	639.0	1498.0	1001.0	873.0	6077.0	1677.0	2382.0	2799.0	6466.0	1848.0	610.0	92914.4
10524/	722.0	3069.0	706.0	1781.0	1104.0	976.0	8076.0	1688.0	2142.0	2941.0	6890.0	1375.0	741.0	101700.0
10536/	588.0	2538.0	633.0	1572.0	796.0	833.0	5986.0	1696.0	2202.0	2527.0	6424.0	1366.0	641.0	90390.2
10547/	812.0	4013.0	941.0	1940.0	1293.0	1265.0	6995.0	1771.0	2824.0	2831.0	6561.0	1303.0	752.0	109299.0
10563/	564.0	2333.0	597.0	1431.0	1001.0	845.0	5917.0	1479.0	1955.0	1734.0	4280.0	1036.0	616.0	81060.7
10566/	491.0	2115.0	666.0	1371.0	985.0	906.0	5519.0	1336.0	1838.0	1817.0	4309.0	1141.0	637.0	81812.9
10606/	582.0	2664.0	695.0	1722.0	1113.0	1020.0	6769.0	1888.0	2390.0	2408.0	6013.0	1424.0	764.0	93790.6
10620/	616.0	2370.0	802.0	1662.0	1153.0	1116.0	8032.0	1939.0	2579.0	2422.0	5582.0	1466.0	759.0	108866.0
10621/	639.0	2374.0	786.0	1666.0	1168.0	1098.0	7638.0	2276.0	2485.0	2628.0	5647.0	1456.0	654.0	102318.0
10667/	604.0	2548.0	647.0	1371.0	913.0	818.0	5114.0	1802.0	2294.0	2425.0	5899.0	1183.0	665.0	85604.4
10813/	582.0	2489.0	638.0	1663.0	1147.0	852.0	6394.0	1256.0	2511.0	2403.0	5756.0	1163.0	765.0	89731.3
10903/	916.0	3370.0	866.0	2076.0	1194.0	1062.0	7119.0	1814.0	2025.0	2601.0	6126.0	1901.0	900.0	105171.0
10943/	541.0	2337.0	633.0	1506.0	912.0	829.0	5980.0	1707.0	1644.0	1989.0	5640.0	1204.0	505.0	83101.6
5202/	513.0	2519.0	620.0	1435.0	1025.0	779.0	5780.0	1706.0	2185.0	2472.0	5478.0	1194.0	641.0	83697.5
5302/	791.0	2976.0	603.0	1440.0	1008.0	845.0	5806.0	1727.0	2231.0	2119.0	5292.0	1199.0	482.0	85942.3
5305/	521.0	2042.0	658.0	1373.0	977.0	876.0	5275.0	1549.0	2559.0	2299.0	5147.0	1318.0	553.0	79732.7
5306/	567.0	2262.0	674.0	1540.0	940.0	844.0	5515.0	1933.0	1953.0	2194.0	4940.0	1244.0	571.0	77363.7
5464/	630.0	2574.0	715.0	1554.0	1052.0	907.0	5489.0	1725.0	1994.0	2123.0	5380.0	864.0	640.0	81845.2
5505/	569.0	2220.0	655.0	1443.0	913.0	863.0	5846.0	1645.0	2557.0	2259.0	5420.0	1241.0	607.0	89128.5
5506/	538.0	1992.0	605.0	1290.0	780.0	804.0	4887.0	1672.0	2239.0	2038.0	4602.0	956.0	520.0	72847.8
5514/	577.0	2406.0	638.0	1437.0	914.0	854.0	6022.0	1499.0	2389.0	2553.0	5968.0	1462.0	574.0	90851.6
5515/	670.0	2636.0	753.0	1790.0	1072.0	1070.0	7460.0	1869.0	2510.0	2748.0	6384.0	1407.0	689.0	99288.9
5516/	601.0	2272.0	739.0	1547.0	989.0	900.0	5826.0	1535.0	1981.0	2087.0	5132.0	1210.0	520.0	83205.2
5518/	604.0	2114.0	655.0	1496.0	1052.0	873.0	5807.0	1596.0	2292.0	2032.0	5107.0	1102.0	535.0	82189.0
5640/	674.0	2430.0	919.0	1777.0	1207.0	1200.0	6640.0	1527.0	2537.0	2474.0	5441.0	1456.0	652.0	92207.0
5649/	741.0	3610.0	917.0	2040.0	1141.0	1109.0	6449.0	2283.0	2618.0	2033.0	5422.0	1268.0	820.0	101281.0
5754/	655.0	2863.0	625.0	1624.0	1149.0	907.0	6423.0	1667.0	2187.0	2537.0	6080.0	1313.0	696.0	95042.5
5755/	415.0	1682.0	530.0	1119.0	702.0	652.0	4626.0	1252.0	1815.0	2012.0	4544.0	1167.0	439.0	66007.5
5771/	761.0	3247.0	656.0	1665.0	972.0	893.0	6045.0	1831.0	2390.0	2530.0	5806.0	1585.0	576.0	92472.4
5825/	583.0	2758.0	676.0	1526.0	984.0	823.0	5979.0	1762.0	1967.0	1566.0	4475.0	1267.0	661.0	84414.3
5843/	445.0	1569.0	632.0	1233.0	748.0	764.0	4543.0	1323.0	1830.0	1956.0	4209.0	1239.0	434.0	65456.3
5844/	563.0	2219.0	691.0	1477.0	781.0	810.0	5816.0	1310.0	2072.0	1951.0	5295.0	1132.0	689.0	78219.1
5899/	644.0	2575.0	730.0	1442.0	863.0	779.0	6129.0	1429.0	1485.0	2494.0	4620.0	1081.0	548.0	81352.5
5900/	625.0	3459.0	785.0	1866.0	1021.0	996.0	7349.0	1539.0	2072.0	2595.0	5652.0	1190.0	605.0	96138.6
5902/	698.0	2933.0	705.0	1704.0	1269.0	999.0	7163.0	1745.0	2469.0	2660.0	6515.0	1370.0	609.0	97024.3
5953/	628.0	2357.0	657.0	1402.0	951.0	906.0	5864.0	1670.0	1749.0	2577.0	5301.0	1152.0	551.0	82904.1
5955/	475.0	2378.0	610.0	1440.0	842.0	830.0	5599.0	1386.0	1974.0	2047.0	4786.0	1198.0	632.0	81993.5
5977/	650.0	2483.0	763.0	1824.0	1010.0	902.0	5705.0	1858.0	1879.0	2312.0	5294.0	1370.0	625.0	89646.0
6010/	677.0	2432.0	591.0	1509.0	1085.0	805.0	6188.0	1695.0	2734.0	2241.0	5374.0	1179.0	687.0	83429.7
6026/	633.0	2505.0	708.0	1806.0	1005.0	896.0	6432.0	1748.0	2377.0	2432.0	5436.0	1238.0	749.0	96649.8
6028/	531.0	2381.0	562.0	1443.0	831.0	691.0	5515.0	1470.0	1512.0	2167.0	4600.0	1150.0	675.0	79694.3
6033/	596.0	2328.0	606.0	1508.0	919.0	760.0	5672.0	1606.0	1833.0	2199.0	5303.0	1362.0	660.0	80679.8
6034/	733.0	2789.0	679.0	1584.0	938.0	881.0	7426.0	2099.0	2822.0	2751.0	6123.0	1419.0	673.0	97184.4
6035/	728.0	2683.0	801.0	1761.0	1174.0	1010.0	7997.0	1795.0	2767.0	2833.0	6453.0	1368.0	656.0	104949.0
6040/	798.0	2882.0	749.0	1779.0	1017.0	995.0	7229.0	1739.0	2504.0	3104.0	6867.0	1357.0	721.0	102653.0
6044/	568.0	2485.0	745.0	1670.0	936.0	1008.0	6428.0	1385.0	1952.0	2223.0	5471.0	1205.0	518.0	84925.9
6045/	650.0	2734.0	696.0	1719.0	1074.0	932.0	7342.0	1918.0	2728.0	2393.0	5574.0	1684.0	697.0	92977.2
6057/	542.0	2176.0	550.0	1313.0	1080.0	729.0	5241.0	1624.0	1957.0	1940.0	4578.0	987.0	595.0	77721.9
6058/	585.0	2386.0	674.0	1462.0	873.0	865.0	5245.0	1578.0	1999.0	2245.0	6011.0	1176.0	552.0	82657.2
6060/	642.0	2715.0	638.0	1473.0	1087.0	831.0	6175.0	1543.0	2281.0	2642.0	5571.0	1489.0	634.0	88666.3
6102/	585.0	2365.0	749.0	1691.0	1088.0	943.0	6937.0	1653.0	2549.0	2250.0	4675.0	1170.0	588.0	90007.0
6103/	693.0	2955.0	710.0	1792.0	987.0	911.0	7581.0	1770.0	2207.0	2720.0	5980.0	1571.0	642.0	99193.8
6105/	658.0	2792.0	682.0	1639.0	1141.0	1003.0	6188.0	1685.0	2326.0	2806.0	6259.0	1258.0	685.0	95325.4
6138/	519.0	1975.0	590.0	1290.0	873.0	701.0	5322.0	1795.0	1853.0	1914.0	4792.0	1226.0	491.0	74017.3
6149/	614.0	2632.0	672.0	1675.0	984.0	930.0	6886.0	1745.0	2096.0	2356.0	5300.0	1631.0	843.0	97969.6
6162/	479.0	2333.0	621.0	1319.0	795.0	721.0	4944.0	1376.0	1566.0	2072.0	4714.0	1076.0	454.0	71750.3
6163/	740.0	2749.0	663.0	1736.0	953.0	862.0	6795.0	1640.0	1950.0	2136.0	5321.0	1395.0	609.0	91186.3
6165/	697.0	2544.0	788.0	1808.0	1234.0	1030.0	7659.0	1946.0	2903.0	2422.0	5988.0	1879.0	634.0	105727.0
6167/	542.0	1885.0	659.0	1392.0	893.0	817.0	5795.0	1652.0	1987.0	1966.0	5577.0	1374.0	560.0	83302.4
6199/	671.0	2358.0	746.0	1595.0	1130.0	891.0	6289.0	1610.0	1980.0	2429.0	5556.0	1461.0	649.0	87579.7
6226/	587.0	2604.0	611.0	1569.0	1003.0	756.0	6638.0	1573.0	1861.0	1917.0	5329.0	1025.0	625.0	86118.8
6227/	762.0	3210.0	608.0	1592.0	967.0	778.0	7118.0	1927.0	2271.0	2445.0	5728.0	1406.0	634.0	95634.2
6228/	649.0	3103.0	801.0	1751.0	994.0	987.0	6444.0	1486.0	2592.0	3163.0	6306.0	1231.0	768.0	97440.2
6229/	692.0	3452.0	688.0	1877.0	1210.0	943.0	7736.0	2079.0	2474.0	3147.0	6200.0	993.0	658.0	105970.0
6291/	519.0	2078.0	597.0	1324.0	807.0	668.0	5423.0	1518.0	1498.0	1695.0	4444.0	1087.0	528.0	68964.8
6347/	602.0	2355.0	803.0	1759.0	1052.0	1050.0	7231.0	1538.0	2730.0	2468.0	5706.0	1533.0	656.0	89705.6
6348/	594.0	2340.0	685.0	1536.0	950.0	916.0	5966.0	1356.0	2068.0	2064.0	5470.0	1313.0	616.0	83757.6
6503/	717.0	3176.0	753.0	1836.0	1152.0	1033.0	6017.0	2063.0	2390.0	2942.0	6387.0	1582.0	825.0	101491.0
6512/	582.0	2019.0	609.0	1385.0	968.0	816.0	6263.0	1451.0	2079.0	2225.0	5073.0	1465.0	588.0	82933.5
6613/	690.0	2632.0	877.0	1830.0	1228.0	1128.0	6799.0	1932.0	2577.0	2392.0	6201.0	1420.0	596.0	100446.0
6712/	573.0	2656.0	509.0	1242.0	688.0	582.0	4648.0	1142.0	1348.0	2422.0	4743.0	1317.0	617.0	71885.2
6730/	563.0	2480.0	607.0	1377.0	1099.0	897.0	6172.0	1507.0	2578.0	1946.0	4823.0	1035.0	694.0	84863.3
6731/	671.0	2914.0	624.0	1648.0	1050.0	871.0	6784.0	1628.0	2149.0	2338.0	5306.0	1160.0	707.0	92394.6
6732/	548.0	2653.0	605.0	1595.0	918.0	878.0	6125.0	1528.0	1896.0	2045.0	5453.0	1061.0	657.0	84750.9
6738/	739.0	2740.0	826.0	1832.0	1247.0	1168.0	8541.0	2172.0	2361.0	3019.0	6958.0	1560.0	827.0	110014.0
6741/	618.0	2488.0	655.0	1670.0	1081.0	873.0	7034.0	1630.0	2653.0	2878.0	5718.0	1423.0	656.0	92567.7
6802/	666.0	2780.0	692.0	1593.0	1077.0	915.0	7116.0	1699.0	2572.0	2652.0	6485.0	1417.0	706.0	93664.9
6863/	736.0	3202.0	653.0	1586.0	1072.0	858.0	6409.0	1563.0	2250.0	2334.0	5946.0	1762.0	598.0	94300.9
6888/	626.0	2483.0	740.0	1703.0	1125.0	996.0	6535.0	1960.0	2158.0	2859.0	5951.0	1635.0	638.0	96547.2
6908/	602.0	2535.0	657.0	1527.0	984.0	906.0	7021.0	1639.0	2189.0	2004.0	5932.0	1387.0	643.0	89391.7
6909/	594.0	2331.0	593.0	1412.0	902.0	761.0	5741.0	1603.0	2503.0	2027.0	5215.0	1415.0	672.0	86511.0
6955/	600.0	2390.0	655.0	1636.0	1091.0	852.0	6029.0	1614.0	2643.0	3033.0	6724.0	1647.0	808.0	96688.2
6957/	503.0	2262.0	621.0	1326.0	785.0	772.0	5433.0	1564.0	1552.0	1738.0	4985.0	1123.0	658.0	78161.1
6958/	633.0	2916.0	689.0	1628.0	974.0	821.0	6029.0	1817.0	2322.0	2250.0	5565.0	1592.0	600.0	85738.8
6964/	554.0	2526.0	557.0	1319.0	837.0	719.0	5447.0	1590.0	1816.0	1662.0	4715.0	1407.0	602.0	81029.6
6965/	776.0	3008.0	700.0	1741.0	1031.0	902.0	7262.0	1698.0	2577.0	2189.0	5540.0	1353.0	841.0	103641.0
6983/	680.0	3084.0	861.0	1732.0	969.0	983.0	6364.0	1523.0	2373.0	2836.0	6614.0	1188.0	687.0	94487.7
6985/	554.0	2411.0	654.0	1578.0	892.0	793.0	6278.0	1568.0	2016.0	2218.0	4838.0	949.0	661.0	83917.4
7105/	505.0	2234.0	648.0	1337.0	911.0	891.0	5767.0	1473.0	1865.0	2475.0	5161.0	1473.0	561.0	78093.4
7106/	529.0	1944.0	646.0	1393.0	1017.0	810.0	6145.0	1468.0	2082.0	1843.0	4672.0	1060.0	542.0	80370.9
7108/	649.0	2614.0	737.0	1623.0	1105.0	909.0	6328.0	1574.0	1793.0	2716.0	6216.0	1333.0	601.0	85501.5
7151/	568.0	2482.0	710.0	1678.0	1030.0	914.0	6586.0	1839.0	2358.0	2591.0	6248.0	1287.0	645.0	95256.8
7152/	498.0	2266.0	681.0	1458.0	909.0	795.0	4980.0	1492.0	1423.0	2069.0	5340.0	1051.0	563.0	77409.5
7163/	693.0	2527.0	715.0	1767.0	1160.0	952.0	6159.0	2055.0	2855.0	2482.0	6597.0	1495.0	731.0	96555.0
7168/	715.0	2779.0	640.0	1678.0	1238.0	810.0	8509.0	2104.0	2365.0	2336.0	5695.0	1555.0	788.0	103343.0
7170/	637.0	2359.0	665.0	1535.0	1161.0	964.0	7926.0	2031.0	2460.0	2243.0	5784.0	1533.0	685.0	100075.0
7206/	550.0	2351.0	609.0	1375.0	922.0	741.0	5357.0	1534.0	1642.0	2235.0	4537.0	1129.0	719.0	81569.3
7207/	462.0	2002.0	548.0	1316.0	841.0	723.0	5559.0	1554.0	1727.0	2165.0	5085.0	1117.0	567.0	84514.9
7229/	725.0	2655.0	622.0	1551.0	1089.0	798.0	6559.0	1663.0	1904.0	2077.0	4791.0	1299.0	621.0	86868.2
7230/	716.0	2746.0	753.0	1807.0	1289.0	1005.0	7134.0	1998.0	2035.0	2915.0	5885.0	1340.0	614.0	96944.3
7286/	591.0	2705.0	709.0	1627.0	1017.0	855.0	6487.0	1626.0	2081.0	2397.0	5790.0	1094.0	772.0	91799.0
7287/	708.0	2805.0	685.0	1817.0	1173.0	910.0	7257.0	1565.0	2285.0	2669.0	5778.0	1479.0	814.0	101453.0
7289/	697.0	2851.0	688.0	1648.0	1014.0	909.0	6176.0	1683.0	2268.0	2385.0	5762.0	1055.0	682.0	92008.4
7290/	477.0	2206.0	585.0	1265.0	911.0	798.0	6165.0	1364.0	2272.0	2135.0	4545.0	1037.0	603.0	78774.1
7293/	646.0	3058.0	627.0	1580.0	990.0	775.0	5922.0	1536.0	2153.0	2188.0	4736.0	1049.0	578.0	82648.5
7321/	548.0	2536.0	596.0	1475.0	1001.0	739.0	6279.0	1927.0	2251.0	2295.0	5386.0	1019.0	748.0	88662.5
7341/	572.0	2157.0	677.0	1444.0	1036.0	876.0	5664.0	1678.0	2203.0	2357.0	5381.0	1313.0	590.0	84970.3
7366/	670.0	3265.0	674.0	1655.0	1020.0	924.0	6516.0	1485.0	2532.0	2667.0	5443.0	1623.0	839.0	93622.3
7367/	801.0	3029.0	1099.0	2179.0	1507.0	1470.0	7871.0	1891.0	2621.0	2882.0	6520.0	1361.0	827.0	109268.0
7368/	694.0	2798.0	741.0	1781.0	1118.0	968.0	6193.0	1973.0	2410.0	2581.0	5585.0	1214.0	658.0	96018.4
7516/	717.0	2541.0	651.0	1550.0	1244.0	838.0	6604.0	1802.0	2203.0	2504.0	6135.0	1097.0	585.0	92094.7
7690/	554.0	2359.0	646.0	1425.0	927.0	768.0	6326.0	1513.0	2555.0	2478.0	5674.0	1254.0	672.0	88010.9
7802/	667.0	2617.0	684.0	1693.0	1209.0	979.0	6694.0	1632.0	2072.0	2250.0	5770.0	1455.0	772.0	94123.6
7803/	657.0	2588.0	675.0	1477.0	1022.0	903.0	6705.0	1591.0	2704.0	2196.0	5579.0	1617.0	648.0	93123.4
7895/	510.0	2208.0	639.0	1296.0	777.0	784.0	4915.0	1108.0	1574.0	1905.0	4563.0	1183.0	673.0	71746.1
7904/	600.0	2425.0	615.0	1554.0	986.0	706.0	5939.0	1397.0	2062.0	2692.0	5362.0	1599.0	513.0	84139.5
7906/	632.0	2418.0	605.0	1493.0	806.0	744.0	5609.0	1424.0	2161.0	1887.0	4475.0	1124.0	580.0	78835.6
7953/	533.0	2089.0	742.0	1613.0	1123.0	918.0	6612.0	1801.0	2214.0	1851.0	5247.0	1289.0	589.0	84109.3
7954/	625.0	2460.0	741.0	1856.0	1252.0	1002.0	6765.0	1803.0	2397.0	2536.0	6656.0	1521.0	726.0	96574.9
8155/	686.0	2644.0	700.0	1746.0	1081.0	957.0	6337.0	1622.0	2646.0	2165.0	5382.0	1039.0	641.0	87057.0
8231/	668.0	2752.0	613.0	1599.0	865.0	811.0	6927.0	1741.0	2254.0	2029.0	5464.0	1728.0	748.0	94084.4
