rh.BA.area	rh_BA1_area	rh_BA2_area	rh_BA3a_area	rh_BA3b_area	rh_BA4a_area	rh_BA4p_area	rh_BA6_area	rh_BA44_area	rh_BA45_area	rh_V1_area	rh_V2_area	rh_MT_area	rh_perirhinal_area	rh_WhiteSurfArea_area
10398/	395.0	1714.0	627.0	1058.0	898.0	731.0	4534.0	2528.0	2952.0	2670.0	5398.0	1299.0	353.0	81049.4
10423/	546.0	2271.0	665.0	1333.0	1034.0	874.0	5124.0	2664.0	3113.0	2733.0	6367.0	1595.0	441.0	93820.3
10524/	593.0	2497.0	778.0	1448.0	1057.0	846.0	5905.0	3406.0	3369.0	3478.0	6506.0	1472.0	479.0	101327.0
10536/	472.0	1752.0	685.0	1275.0	971.0	830.0	4901.0	3005.0	3116.0	2948.0	6429.0	1593.0	434.0	91977.0
10547/	600.0	2288.0	787.0	1433.0	997.0	886.0	5873.0	2898.0	3977.0	3179.0	5956.0	1625.0	440.0	108414.0
10563/	411.0	1846.0	683.0	1219.0	981.0	895.0	5359.0	2159.0	2559.0	2183.0	4151.0	1170.0	410.0	81205.5
10566/	470.0	1906.0	757.0	1321.0	1017.0	957.0	5651.0	2275.0	3146.0	2202.0	4353.0	1132.0	378.0	83188.7
10606/	600.0	2541.0	742.0	1346.0	1224.0	921.0	6097.0	2576.0	3516.0	2733.0	5177.0	1669.0	482.0	93772.0
10620/	662.0	2506.0	867.0	1767.0	1209.0	938.0	7518.0	3041.0	3515.0	2941.0	5759.0	1379.0	410.0	106751.0
10621/	549.0	2101.0	789.0	1448.0	1138.0	926.0	6797.0	2907.0	4008.0	2823.0	6444.0	1796.0	495.0	101313.0
10667/	456.0	2079.0	597.0	1042.0	754.0	691.0	4263.0	2499.0	3163.0	2450.0	5515.0	1317.0	385.0	86193.7
10813/	533.0	2099.0	685.0	1401.0	860.0	732.0	5592.0	2736.0	3580.0	2694.0	5679.0	1681.0	489.0	89591.4
10903/	607.0	2672.0	740.0	1470.0	1102.0	849.0	5881.0	2543.0	3007.0	2632.0	5697.0	1217.0	524.0	104479.0
10943/	445.0	1872.0	658.0	1308.0	864.0	797.0	4857.0	2573.0	2812.0	2374.0	5336.0	1318.0	429.0	83385.0
5202/	388.0	1759.0	625.0	1121.0	921.0	785.0	4910.0	2700.0	2892.0	2618.0	5418.0	1302.0	353.0	82410.5
5302/	508.0	2169.0	684.0	1241.0	1102.0	791.0	4815.0	2266.0	3027.0	2677.0	5216.0	1237.0	450.0	85470.1
5305/	444.0	1850.0	688.0	1271.0	813.0	749.0	4194.0	2387.0	3071.0	2610.0	4892.0	1513.0	357.0	81364.5
5306/	511.0	1838.0	678.0	1294.0	900.0	755.0	4771.0	2862.0	3423.0	2192.0	4844.0	1098.0	300.0	77105.0
5464/	421.0	1858.0	711.0	1272.0	967.0	759.0	5170.0	2598.0	2388.0	2542.0	5549.0	1368.0	391.0	83220.8
5505/	506.0	2074.0	694.0	1264.0	861.0	775.0	4923.0	2746.0	2986.0	2730.0	5482.0	1589.0	433.0	88980.7
5506/	416.0	1879.0	595.0	1043.0	763.0	695.0	4173.0	2465.0	2586.0	2446.0	4686.0	1003.0	303.0	71302.6
5514/	524.0	2137.0	627.0	1326.0	847.0	758.0	4729.0	2436.0	3761.0	2809.0	5564.0	1897.0	413.0	90866.4
5515/	511.0	1809.0	762.0	1555.0	1134.0	1033.0	6237.0	2844.0	3329.0	3140.0	6320.0	1327.0	418.0	98450.6
5516/	479.0	1884.0	722.0	1302.0	900.0	875.0	5774.0	2108.0	2501.0	2162.0	5108.0	1124.0	323.0	83430.4
5518/	562.0	1909.0	700.0	1278.0	1058.0	878.0	5457.0	2348.0	3027.0	2340.0	4556.0	1403.0	307.0	84089.2
5640/	555.0	1917.0	828.0	1667.0	1069.0	1001.0	6399.0	2342.0	2636.0	2392.0	5248.0	1542.0	361.0	91691.9
5649/	635.0	2728.0	900.0	1668.0	1070.0	988.0	6402.0	3025.0	3221.0	2177.0	4894.0	1651.0	459.0	100094.0
5754/	641.0	2546.0	690.0	1371.0	995.0	801.0	6264.0	2403.0	2934.0	2768.0	5740.0	1485.0	391.0	94906.0
5755/	413.0	1580.0	610.0	1085.0	635.0	702.0	3968.0	1783.0	2265.0	2089.0	4217.0	1047.0	347.0	66771.9
5771/	599.0	2498.0	699.0	1460.0	1097.0	881.0	5143.0	2367.0	3180.0	2740.0	5634.0	1278.0	447.0	91760.7
5825/	527.0	2559.0	709.0	1293.0	987.0	799.0	5348.0	2588.0	2615.0	1667.0	4461.0	1671.0	426.0	84254.4
5843/	367.0	1512.0	634.0	1061.0	808.0	697.0	3858.0	1941.0	2306.0	1950.0	4194.0	1194.0	295.0	65903.8
5844/	391.0	1553.0	700.0	1269.0	858.0	822.0	5856.0	1941.0	2258.0	2186.0	5069.0	1208.0	351.0	78292.7
5899/	563.0	2068.0	701.0	1307.0	830.0	725.0	4771.0	2331.0	2062.0	2591.0	4758.0	1229.0	355.0	81866.0
5900/	559.0	2334.0	823.0	1481.0	1037.0	970.0	6270.0	2761.0	2912.0	2683.0	5094.0	1165.0	487.0	93985.0
5902/	563.0	2496.0	756.0	1492.0	1105.0	952.0	6180.0	3086.0	3112.0	3250.0	5704.0	1639.0	433.0	94949.0
5953/	389.0	1713.0	651.0	1223.0	911.0	892.0	4486.0	2332.0	2610.0	2549.0	5003.0	1438.0	343.0	81906.7
5955/	457.0	2060.0	682.0	1157.0	744.0	713.0	5159.0	2239.0	2505.0	2580.0	5413.0	1167.0	371.0	81268.2
5977/	554.0	2366.0	734.0	1381.0	1011.0	878.0	5120.0	2726.0	2694.0	2795.0	5251.0	1371.0	352.0	90762.4
6010/	510.0	1701.0	632.0	1262.0	938.0	793.0	5180.0	2237.0	3322.0	2274.0	5545.0	1502.0	331.0	81646.2
6026/	522.0	2488.0	754.0	1325.0	984.0	848.0	5265.0	2646.0	3020.0	2478.0	5951.0	1845.0	439.0	96458.6
6028/	496.0	2290.0	569.0	1049.0	690.0	596.0	4376.0	2357.0	2358.0	2662.0	4778.0	1241.0	378.0	80510.1
6033/	438.0	1939.0	622.0	1212.0	887.0	703.0	5383.0	2353.0	2784.0	2521.0	5690.0	1471.0	375.0	82134.1
6034/	621.0	2312.0	704.0	1427.0	937.0	801.0	5594.0	3285.0	3882.0	3341.0	6471.0	1600.0	398.0	98780.6
6035/	592.0	2015.0	802.0	1669.0	1078.0	979.0	7098.0	3156.0	3515.0	2909.0	6228.0	1784.0	469.0	105627.0
6040/	582.0	2483.0	734.0	1481.0	904.0	906.0	6484.0	2878.0	3919.0	3435.0	7048.0	1356.0	427.0	103256.0
6044/	479.0	2039.0	791.0	1395.0	905.0	931.0	4976.0	2420.0	2943.0	2796.0	6060.0	1743.0	417.0	84652.7
6045/	495.0	2071.0	817.0	1567.0	1026.0	940.0	5550.0	2735.0	3128.0	2626.0	5536.0	1551.0	559.0	93128.6
6057/	469.0	1635.0	649.0	1179.0	923.0	807.0	4687.0	2423.0	2572.0	2107.0	4826.0	1226.0	344.0	77854.5
6058/	424.0	1958.0	789.0	1268.0	876.0	852.0	4719.0	2430.0	2918.0	2458.0	5680.0	1297.0	344.0	83509.5
6060/	476.0	1688.0	682.0	1167.0	1010.0	794.0	5258.0	3450.0	2815.0	2650.0	5440.0	946.0	397.0	85574.8
6102/	501.0	1762.0	746.0	1438.0	1020.0	889.0	5886.0	3118.0	3143.0	2551.0	5433.0	1641.0	427.0	90303.7
6103/	533.0	2485.0	805.0	1442.0	1014.0	922.0	5550.0	2587.0	2993.0	2974.0	6096.0	1642.0	432.0	98616.9
6105/	567.0	2276.0	718.0	1347.0	961.0	832.0	5727.0	2577.0	3149.0	2732.0	5913.0	1534.0	528.0	95991.7
6138/	481.0	1736.0	623.0	1289.0	961.0	768.0	4692.0	1979.0	2355.0	2111.0	4827.0	1280.0	361.0	75825.6
6149/	598.0	2337.0	717.0	1529.0	1088.0	849.0	5462.0	2740.0	3038.0	2712.0	5607.0	1103.0	508.0	97790.0
6162/	459.0	1840.0	699.0	1193.0	767.0	761.0	4402.0	2364.0	2347.0	2618.0	4808.0	1270.0	335.0	73160.4
6163/	479.0	2199.0	670.0	1323.0	891.0	799.0	5218.0	3119.0	2694.0	2170.0	5095.0	1615.0	388.0	90546.0
6165/	552.0	1938.0	785.0	1489.0	1267.0	1025.0	6947.0	3073.0	3264.0	3067.0	6095.0	1827.0	500.0	106851.0
6167/	443.0	1840.0	627.0	1141.0	947.0	761.0	5084.0	2548.0	2711.0	2426.0	4815.0	1745.0	378.0	83774.7
6199/	507.0	1883.0	758.0	1381.0	1090.0	815.0	4638.0	2536.0	3202.0	2531.0	5268.0	1310.0	488.0	84644.7
6226/	480.0	2094.0	623.0	1251.0	1024.0	767.0	5608.0	2508.0	2763.0	1912.0	4757.0	1148.0	425.0	87826.1
6227/	524.0	2393.0	778.0	1398.0	1125.0	900.0	6201.0	2686.0	3068.0	2944.0	5805.0	1294.0	514.0	95465.4
6228/	668.0	2619.0	860.0	1588.0	1000.0	927.0	5743.0	2405.0	3122.0	3450.0	6349.0	1263.0	411.0	97854.3
6229/	537.0	2292.0	704.0	1467.0	1148.0	956.0	7002.0	3234.0	3691.0	2953.0	6412.0	1390.0	505.0	106700.0
6291/	455.0	1577.0	557.0	1040.0	618.0	557.0	4040.0	2417.0	2467.0	1832.0	4037.0	992.0	393.0	68644.4
6347/	526.0	2414.0	744.0	1417.0	1039.0	933.0	5878.0	2528.0	2883.0	2607.0	5664.0	1420.0	452.0	90193.0
6348/	522.0	1971.0	811.0	1433.0	1004.0	957.0	5384.0	2143.0	2959.0	2527.0	5360.0	1151.0	465.0	84979.0
6503/	588.0	3012.0	648.0	1307.0	1097.0	830.0	6008.0	2957.0	2987.0	3076.0	6699.0	1724.0	413.0	99825.3
6512/	498.0	2029.0	695.0	1248.0	918.0	794.0	5200.0	2241.0	3076.0	2495.0	4881.0	1176.0	375.0	83582.0
6613/	518.0	1799.0	815.0	1420.0	1311.0	905.0	6643.0	2975.0	3010.0	2548.0	5804.0	1795.0	396.0	100092.0
6712/	466.0	1867.0	604.0	1151.0	883.0	707.0	4146.0	1831.0	2246.0	2723.0	4492.0	1122.0	393.0	75040.6
6730/	495.0	2221.0	608.0	1210.0	1009.0	827.0	4744.0	2846.0	2812.0	1938.0	4440.0	1425.0	392.0	85617.6
6731/	579.0	2295.0	659.0	1371.0	891.0	768.0	5640.0	2958.0	3273.0	2515.0	5348.0	1259.0	523.0	92815.2
6732/	461.0	1976.0	664.0	1197.0	1077.0	880.0	5615.0	2478.0	2514.0	2534.0	5383.0	1446.0	336.0	86386.2
6738/	587.0	2437.0	819.0	1517.0	1160.0	1094.0	7180.0	3254.0	3292.0	3656.0	7298.0	1422.0	452.0	110070.0
6741/	511.0	2113.0	710.0	1406.0	1098.0	863.0	6328.0	2619.0	3366.0	3190.0	5614.0	1443.0	444.0	92071.0
6802/	603.0	2176.0	752.0	1430.0	943.0	851.0	5455.0	3180.0	3675.0	3300.0	6236.0	1216.0	467.0	92807.6
6863/	651.0	2253.0	714.0	1466.0	1069.0	877.0	5078.0	2693.0	2685.0	2420.0	5575.0	1522.0	439.0	96083.2
6888/	617.0	2442.0	790.0	1444.0	1191.0	989.0	5686.0	2683.0	3076.0	2770.0	5579.0	1675.0	406.0	96045.7
6908/	522.0	2014.0	791.0	1395.0	1233.0	1002.0	5971.0	2905.0	3097.0	2245.0	5134.0	1822.0	375.0	90023.7
6909/	453.0	1926.0	605.0	1232.0	861.0	694.0	5362.0	2684.0	3526.0	2164.0	5145.0	1227.0	443.0	85375.2
6955/	564.0	2018.0	741.0	1516.0	930.0	860.0	5532.0	2869.0	3442.0	2993.0	6265.0	1854.0	539.0	97782.9
6957/	463.0	2015.0	665.0	1147.0	764.0	761.0	4717.0	2155.0	2310.0	2261.0	4313.0	1132.0	434.0	79420.4
6958/	430.0	1686.0	627.0	1263.0	966.0	803.0	5515.0	2181.0	3011.0	2725.0	5434.0	1402.0	446.0	86786.6
6964/	481.0	1815.0	593.0	1089.0	765.0	698.0	4791.0	2628.0	2283.0	1872.0	4758.0	1342.0	432.0	80924.6
6965/	530.0	2220.0	697.0	1331.0	1004.0	871.0	6938.0	2598.0	3049.0	2537.0	5048.0	1968.0	529.0	100989.0
6983/	629.0	2278.0	890.0	1574.0	1013.0	958.0	5342.0	2097.0	3172.0	3308.0	6144.0	1298.0	420.0	96106.4
6985/	416.0	1489.0	710.0	1314.0	929.0	917.0	5114.0	2530.0	2731.0	2393.0	5165.0	1270.0	460.0	84274.6
7105/	486.0	1864.0	724.0	1332.0	874.0	808.0	4877.0	2541.0	2493.0	2859.0	5220.0	1173.0	293.0	78158.7
7106/	436.0	1809.0	733.0	1279.0	1022.0	943.0	5671.0	2112.0	3180.0	2255.0	4444.0	987.0	345.0	80796.0
7108/	483.0	2022.0	782.0	1512.0	846.0	852.0	4698.0	2354.0	2376.0	2505.0	4844.0	1305.0	404.0	84605.4
7151/	514.0	2245.0	708.0	1371.0	1022.0	896.0	6125.0	3037.0	3120.0	2782.0	5934.0	1700.0	393.0	95428.6
7152/	437.0	1671.0	721.0	1227.0	783.0	807.0	4572.0	1806.0	2616.0	2517.0	5192.0	1217.0	332.0	77944.6
7163/	641.0	2302.0	783.0	1345.0	1043.0	896.0	5729.0	2983.0	3600.0	2764.0	6319.0	1463.0	346.0	97041.0
7168/	649.0	2583.0	730.0	1319.0	1182.0	907.0	6617.0	3007.0	2859.0	2773.0	6630.0	1730.0	442.0	105741.0
7170/	639.0	2236.0	746.0	1454.0	1118.0	839.0	6192.0	2565.0	3211.0	2403.0	5585.0	1592.0	471.0	100812.0
7206/	428.0	2031.0	652.0	1124.0	806.0	723.0	4804.0	2220.0	2919.0	2259.0	4521.0	1182.0	472.0	83782.8
7207/	444.0	1823.0	587.0	1235.0	863.0	674.0	4892.0	2594.0	3069.0	2428.0	5242.0	1265.0	402.0	84979.6
7229/	532.0	2295.0	699.0	1412.0	1095.0	840.0	5444.0	2697.0	3123.0	2653.0	5288.0	1291.0	383.0	88456.3
7230/	656.0	2476.0	778.0	1647.0	1226.0	984.0	6144.0	3411.0	3089.0	3409.0	6505.0	1197.0	400.0	97479.7
7286/	572.0	2175.0	660.0	1301.0	907.0	712.0	5565.0	2696.0	3117.0	2429.0	5128.0	1363.0	550.0	91902.4
7287/	594.0	2111.0	738.0	1423.0	941.0	858.0	6548.0	2677.0	3499.0	2555.0	5412.0	1395.0	519.0	101089.0
7289/	602.0	2256.0	725.0	1379.0	956.0	846.0	5025.0	2684.0	3453.0	2925.0	5553.0	890.0	403.0	93498.8
7290/	411.0	1852.0	588.0	1075.0	833.0	687.0	5849.0	2133.0	2579.0	2337.0	4255.0	941.0	413.0	78261.2
7293/	607.0	2407.0	693.0	1275.0	832.0	799.0	4948.0	2557.0	2797.0	2326.0	4876.0	1291.0	362.0	84830.5
7321/	476.0	2219.0	657.0	1291.0	896.0	761.0	5104.0	2333.0	2996.0	2619.0	5486.0	1285.0	417.0	88784.1
7341/	466.0	1659.0	715.0	1254.0	973.0	775.0	5573.0	2792.0	2844.0	2821.0	5601.0	1165.0	427.0	86570.2
7366/	662.0	2127.0	981.0	1650.0	1433.0	1267.0	4991.0	2573.0	3022.0	2674.0	5061.0	1428.0	471.0	93313.1
7367/	746.0	2881.0	696.0	1510.0	938.0	850.0	5627.0	3236.0	3541.0	2947.0	6162.0	1493.0	577.0	109297.0
7368/	646.0	2202.0	834.0	1551.0	1251.0	992.0	5144.0	2324.0	3000.0	2709.0	5588.0	1557.0	450.0	98140.9
7516/	583.0	2495.0	770.0	1449.0	1286.0	983.0	5387.0	2454.0	3244.0	2988.0	6349.0	1282.0	483.0	93045.3
7690/	486.0	2246.0	728.0	1332.0	890.0	925.0	5640.0	2332.0	3344.0	2863.0	5982.0	1818.0	453.0	89159.5
7802/	588.0	2358.0	749.0	1435.0	1170.0	889.0	5643.0	2956.0	3174.0	2642.0	5257.0	1454.0	425.0	95166.3
7803/	590.0	2275.0	629.0	1201.0	919.0	714.0	6038.0	2990.0	2990.0	2491.0	5501.0	1710.0	377.0	93907.7
7895/	469.0	1561.0	704.0	1216.0	758.0	832.0	4742.0	1711.0	2257.0	1806.0	4554.0	1139.0	374.0	71296.6
7904/	510.0	2090.0	645.0	1351.0	985.0	768.0	5297.0	2300.0	2442.0	2969.0	5489.0	1546.0	465.0	84847.6
7906/	466.0	1616.0	673.0	1295.0	886.0	769.0	4605.0	2194.0	2712.0	2154.0	4924.0	1200.0	405.0	79360.4
7953/	430.0	1698.0	738.0	1288.0	1202.0	906.0	5508.0	2784.0	2933.0	2206.0	5423.0	1122.0	349.0	83872.3
7954/	546.0	2035.0	867.0	1625.0	1129.0	1025.0	5815.0	2854.0	2698.0	2633.0	6107.0	1581.0	412.0	96161.3
8155/	486.0	1850.0	735.0	1445.0	930.0	842.0	5133.0	2212.0	3315.0	2384.0	5377.0	1146.0	428.0	87375.0
8231/	635.0	2097.0	684.0	1286.0	1092.0	855.0	6204.0	2414.0	2964.0	2249.0	5019.0	1607.0	450.0	93506.1
