rh.BA.volume	rh_BA1_volume	rh_BA2_volume	rh_BA3a_volume	rh_BA3b_volume	rh_BA4a_volume	rh_BA4p_volume	rh_BA6_volume	rh_BA44_volume	rh_BA45_volume	rh_V1_volume	rh_V2_volume	rh_MT_volume	rh_perirhinal_volume
10398/	1276.0	3330.0	775.0	2010.0	2844.0	1686.0	14966.0	7113.0	8587.0	4434.0	11934.0	3031.0	1783.0
10423/	1611.0	4403.0	979.0	2588.0	2919.0	1877.0	15725.0	6943.0	9113.0	5055.0	14391.0	3509.0	1460.0
10524/	1765.0	4498.0	929.0	2515.0	3186.0	1856.0	18112.0	8494.0	8946.0	5877.0	14543.0	3216.0	2053.0
10536/	1670.0	3951.0	903.0	2756.0	2968.0	2033.0	15722.0	8026.0	8941.0	5692.0	13701.0	4047.0	1949.0
10547/	1803.0	4741.0	1105.0	2876.0	3015.0	2103.0	18288.0	8139.0	11414.0	6508.0	14911.0	3882.0	1931.0
10563/	1387.0	3644.0	967.0	2476.0	3284.0	2295.0	19173.0	6784.0	8142.0	4229.0	9142.0	2667.0	2063.0
10566/	1796.0	4402.0	1058.0	2754.0	3353.0	2332.0	18067.0	6156.0	10090.0	4402.0	10249.0	2694.0	1892.0
10606/	1590.0	5306.0	946.0	2331.0	3288.0	1791.0	17564.0	7297.0	10065.0	4463.0	11182.0	3808.0	2335.0
10620/	2231.0	6526.0	1273.0	3638.0	4096.0	2425.0	25639.0	9539.0	12145.0	5972.0	13743.0	4058.0	2202.0
10621/	1772.0	4944.0	1044.0	3049.0	3181.0	2241.0	20046.0	7852.0	11038.0	5239.0	14505.0	4080.0	2412.0
10667/	1728.0	5173.0	846.0	2151.0	2455.0	1636.0	14934.0	7575.0	10561.0	4592.0	13646.0	3620.0	1897.0
10813/	1991.0	4789.0	955.0	2962.0	2650.0	1771.0	18913.0	8208.0	11904.0	6456.0	14338.0	5162.0	1974.0
10903/	2040.0	5785.0	987.0	3021.0	3458.0	1997.0	18128.0	7005.0	8693.0	5062.0	12465.0	2995.0	2296.0
10943/	1672.0	4409.0	946.0	2895.0	2495.0	1711.0	16740.0	7742.0	9555.0	4754.0	12550.0	3093.0	1854.0
5202/	1296.0	3706.0	839.0	2274.0	2796.0	1774.0	16150.0	7497.0	8665.0	4884.0	12080.0	2968.0	1836.0
5302/	1622.0	4582.0	909.0	2612.0	3145.0	1861.0	15865.0	6341.0	9764.0	5894.0	11482.0	2948.0	1948.0
5305/	1329.0	3855.0	935.0	2373.0	2461.0	1782.0	13982.0	6156.0	9535.0	4683.0	11145.0	3426.0	1689.0
5306/	1611.0	4401.0	856.0	2304.0	2566.0	1707.0	15747.0	7763.0	9899.0	4063.0	10292.0	2879.0	1141.0
5464/	1233.0	3756.0	905.0	2333.0	2293.0	1488.0	13615.0	6419.0	6425.0	4164.0	10139.0	2741.0	1690.0
5505/	1708.0	4289.0	938.0	2495.0	2622.0	1782.0	15898.0	8081.0	10002.0	5556.0	12658.0	4015.0	2179.0
5506/	1452.0	4132.0	724.0	2129.0	2415.0	1471.0	14297.0	7071.0	8888.0	4565.0	10616.0	2529.0	1347.0
5514/	2275.0	5358.0	895.0	3122.0	2987.0	1899.0	18648.0	7929.0	13073.0	4931.0	13957.0	4775.0	1743.0
5515/	1710.0	4325.0	1002.0	3044.0	2931.0	2204.0	18286.0	7385.0	9473.0	5494.0	13801.0	3154.0	1604.0
5516/	1537.0	3549.0	962.0	2492.0	2335.0	1836.0	16259.0	5358.0	6535.0	3917.0	11030.0	2372.0	1772.0
5518/	1966.0	4624.0	918.0	2696.0	3442.0	2068.0	19401.0	6876.0	10317.0	4209.0	10816.0	3196.0	1470.0
5640/	2379.0	4885.0	1186.0	3826.0	3272.0	2310.0	21105.0	6591.0	8499.0	4697.0	13028.0	3735.0	1867.0
5649/	2327.0	6766.0	1302.0	3766.0	3382.0	2217.0	22849.0	9582.0	11380.0	4128.0	13412.0	4410.0	2246.0
5754/	1927.0	5313.0	934.0	2600.0	2731.0	1695.0	19788.0	7247.0	9805.0	5248.0	12589.0	3537.0	1543.0
5755/	1370.0	3706.0	784.0	2349.0	1871.0	1716.0	11826.0	4836.0	6952.0	4103.0	9373.0	2380.0	2004.0
5771/	2401.0	5629.0	975.0	3104.0	3326.0	2120.0	17544.0	6962.0	10456.0	5540.0	14437.0	3157.0	2190.0
5825/	1819.0	6041.0	965.0	2911.0	2738.0	1805.0	16380.0	7090.0	6473.0	3933.0	12057.0	3643.0	1521.0
5843/	1198.0	3316.0	854.0	2211.0	2407.0	1627.0	11994.0	5030.0	6445.0	3522.0	9143.0	2536.0	1602.0
5844/	1443.0	4159.0	912.0	2808.0	2624.0	1907.0	18144.0	5447.0	7433.0	4307.0	10926.0	2856.0	2204.0
5899/	1806.0	4444.0	989.0	2735.0	2631.0	1599.0	14897.0	6698.0	6115.0	4762.0	10895.0	3524.0	1999.0
5900/	2098.0	5766.0	1146.0	3117.0	3212.0	2234.0	20511.0	7520.0	8890.0	6772.0	13099.0	2941.0	1894.0
5902/	1698.0	5993.0	1035.0	2847.0	3029.0	2248.0	20347.0	8662.0	9992.0	5299.0	12575.0	4198.0	2292.0
5953/	1358.0	3515.0	844.0	2384.0	2750.0	2057.0	15064.0	6360.0	7548.0	4725.0	11478.0	3333.0	1405.0
5955/	1636.0	5024.0	965.0	2493.0	2456.0	1909.0	17205.0	6694.0	7963.0	4395.0	13057.0	3299.0	1876.0
5977/	1860.0	5272.0	993.0	2726.0	2997.0	2099.0	16902.0	7506.0	8232.0	4870.0	12120.0	3555.0	1969.0
6010/	1568.0	3975.0	873.0	2640.0	2834.0	1826.0	15320.0	6846.0	10235.0	5358.0	13875.0	3257.0	1472.0
6026/	1719.0	5309.0	1032.0	2624.0	2558.0	2019.0	15402.0	7525.0	9004.0	4758.0	13152.0	4254.0	2185.0
6028/	1544.0	5002.0	764.0	2137.0	2188.0	1328.0	13554.0	6122.0	6717.0	4678.0	9902.0	3218.0	1715.0
6033/	1372.0	3998.0	821.0	2520.0	2492.0	1640.0	16095.0	6212.0	8236.0	4839.0	13378.0	3201.0	2222.0
6034/	1746.0	4634.0	874.0	2812.0	2582.0	1689.0	16772.0	8786.0	11135.0	5787.0	14678.0	3791.0	1724.0
6035/	1858.0	4244.0	1150.0	3629.0	3044.0	2124.0	21815.0	9076.0	10659.0	6090.0	14873.0	4596.0	2189.0
6040/	1934.0	5979.0	984.0	2952.0	2628.0	2138.0	20889.0	8303.0	12490.0	6578.0	17951.0	3339.0	2342.0
6044/	1552.0	4755.0	1119.0	2843.0	2460.0	2076.0	15238.0	6222.0	7612.0	4510.0	13421.0	3525.0	1398.0
6045/	1910.0	4940.0	1258.0	3396.0	3045.0	2278.0	19348.0	7849.0	9740.0	3996.0	11843.0	3631.0	2188.0
6057/	1479.0	3247.0	876.0	2147.0	2738.0	1684.0	15058.0	6918.0	7831.0	3711.0	10693.0	2807.0	1730.0
6058/	1656.0	4581.0	1144.0	2879.0	2936.0	2065.0	15556.0	6941.0	9397.0	4024.0	13637.0	3494.0	1681.0
6060/	1581.0	3674.0	913.0	2328.0	3485.0	2008.0	17989.0	10195.0	8577.0	5753.0	12936.0	2693.0	1915.0
6102/	1584.0	4100.0	1026.0	2941.0	3101.0	2258.0	17691.0	7644.0	8971.0	4617.0	11242.0	3757.0	2154.0
6103/	1711.0	5221.0	1135.0	3042.0	2787.0	2214.0	16512.0	7042.0	8949.0	6396.0	15134.0	3789.0	2120.0
6105/	1952.0	5549.0	1055.0	2993.0	3026.0	2102.0	19539.0	7860.0	10043.0	6151.0	15019.0	3582.0	2419.0
6138/	1392.0	3313.0	775.0	2389.0	2623.0	1645.0	13224.0	5072.0	6921.0	3504.0	9515.0	2808.0	1762.0
6149/	2014.0	5339.0	991.0	2819.0	3407.0	1932.0	18326.0	7967.0	10186.0	5082.0	13225.0	2800.0	2870.0
6162/	1626.0	4672.0	904.0	2330.0	2451.0	1828.0	13771.0	6822.0	6979.0	4474.0	10049.0	2917.0	1655.0
6163/	1912.0	5683.0	1019.0	3241.0	3025.0	2075.0	19661.0	9506.0	10057.0	4057.0	12500.0	4269.0	2110.0
6165/	1773.0	4161.0	1055.0	3180.0	3774.0	2326.0	20931.0	8916.0	9845.0	6712.0	13726.0	4336.0	2165.0
6167/	1362.0	3841.0	883.0	2356.0	2974.0	1953.0	17039.0	7348.0	9039.0	4788.0	11369.0	4088.0	1888.0
6199/	1446.0	4292.0	1087.0	2471.0	3582.0	2101.0	14212.0	6790.0	8509.0	6265.0	12612.0	2883.0	1992.0
6226/	1596.0	4443.0	775.0	2537.0	3045.0	1685.0	16427.0	7062.0	8542.0	3596.0	10260.0	2554.0	1741.0
6227/	1771.0	5002.0	1028.0	2934.0	3156.0	1946.0	20486.0	7790.0	9597.0	5402.0	13578.0	3549.0	2116.0
6228/	1865.0	5287.0	1080.0	2771.0	2912.0	2209.0	16601.0	6364.0	8237.0	6010.0	12975.0	2809.0	1838.0
6229/	1680.0	4675.0	995.0	2725.0	3702.0	2240.0	22730.0	8967.0	10468.0	6049.0	14411.0	3481.0	2036.0
6291/	1308.0	3119.0	736.0	2040.0	1893.0	1259.0	12158.0	6303.0	7559.0	4008.0	8541.0	1883.0	1723.0
6347/	1715.0	5094.0	1000.0	2713.0	3161.0	2208.0	17488.0	6159.0	7969.0	4834.0	12434.0	2992.0	1949.0
6348/	1805.0	4351.0	1102.0	2948.0	2831.0	2314.0	15276.0	5681.0	8411.0	4523.0	10366.0	2309.0	2390.0
6503/	1858.0	6481.0	868.0	2439.0	2761.0	1612.0	18044.0	7785.0	7850.0	5235.0	14621.0	4240.0	1215.0
6512/	1583.0	4832.0	1108.0	2649.0	2842.0	1928.0	16907.0	6083.0	8569.0	4824.0	10293.0	2747.0	1838.0
6613/	1900.0	4413.0	1135.0	3023.0	3848.0	2148.0	21644.0	8430.0	9597.0	5316.0	14536.0	4786.0	1756.0
6712/	1306.0	3815.0	780.0	2006.0	2203.0	1393.0	11196.0	4624.0	5989.0	4618.0	9513.0	2812.0	1732.0
6730/	1524.0	4679.0	840.0	2384.0	2854.0	1623.0	15061.0	7225.0	8494.0	3757.0	9764.0	3270.0	1650.0
6731/	1778.0	5105.0	927.0	2458.0	2794.0	1660.0	18152.0	8108.0	10202.0	3905.0	13260.0	3334.0	2003.0
6732/	1347.0	3818.0	935.0	2275.0	2953.0	2019.0	16530.0	6828.0	7099.0	4484.0	11988.0	3278.0	1384.0
6738/	1799.0	5276.0	1062.0	2909.0	2967.0	2234.0	20732.0	8411.0	9189.0	6398.0	16278.0	3318.0	2087.0
6741/	1600.0	4685.0	940.0	2700.0	3565.0	2047.0	19777.0	7568.0	10759.0	5444.0	12854.0	3606.0	2030.0
6802/	2061.0	5181.0	968.0	2990.0	2798.0	2023.0	17273.0	8191.0	10069.0	6868.0	15649.0	2851.0	2708.0
6863/	1949.0	4576.0	995.0	2729.0	2959.0	1666.0	17072.0	7632.0	8394.0	4603.0	12066.0	3351.0	1983.0
6888/	1666.0	4686.0	1031.0	2637.0	2769.0	2228.0	16490.0	7063.0	8670.0	5023.0	11299.0	3634.0	2118.0
6908/	1565.0	3880.0	1281.0	2838.0	3432.0	2322.0	17967.0	7364.0	8347.0	3881.0	11327.0	4394.0	1638.0
6909/	1503.0	3979.0	770.0	2280.0	2385.0	1603.0	15146.0	7162.0	9447.0	3966.0	11170.0	2875.0	1953.0
6955/	1792.0	4661.0	1059.0	3071.0	3062.0	2111.0	18903.0	8647.0	12117.0	6628.0	14638.0	4354.0	2072.0
6957/	1711.0	4599.0	1000.0	2533.0	2454.0	1834.0	14849.0	5786.0	6608.0	4592.0	9752.0	2544.0	1852.0
6958/	1518.0	3758.0	966.0	2818.0	2878.0	2023.0	17645.0	6504.0	9758.0	5355.0	12743.0	3300.0	1997.0
6964/	1606.0	3962.0	868.0	2399.0	2308.0	1782.0	14478.0	7101.0	6032.0	3602.0	11349.0	3153.0	2145.0
6965/	1616.0	4661.0	1044.0	2514.0	3175.0	2122.0	21389.0	7372.0	9686.0	4528.0	11586.0	4719.0	2333.0
6983/	1579.0	4727.0	1245.0	2863.0	3054.0	2431.0	16777.0	5566.0	9022.0	6254.0	12765.0	2971.0	1525.0
6985/	1215.0	3036.0	957.0	2731.0	2612.0	2150.0	14788.0	6377.0	7411.0	4030.0	10915.0	2709.0	1825.0
7105/	1510.0	4163.0	1056.0	2838.0	2386.0	1975.0	15079.0	6500.0	6763.0	4850.0	10736.0	2633.0	1630.0
7106/	1423.0	4138.0	946.0	2579.0	3087.0	2478.0	18104.0	6044.0	9776.0	4398.0	10659.0	2441.0	1781.0
7108/	1495.0	3873.0	1160.0	3045.0	1974.0	1667.0	14688.0	6450.0	7188.0	4385.0	10659.0	2938.0	2102.0
7151/	1651.0	4983.0	964.0	2591.0	3192.0	2067.0	18088.0	8010.0	8498.0	5023.0	12707.0	3585.0	1549.0
7152/	1424.0	4227.0	998.0	2433.0	2464.0	1958.0	13093.0	5003.0	7354.0	4708.0	11253.0	2753.0	1285.0
7163/	1762.0	4464.0	992.0	2500.0	2517.0	1965.0	15309.0	7569.0	9221.0	5191.0	12280.0	3188.0	1836.0
7168/	1933.0	5372.0	961.0	2517.0	3233.0	1876.0	20671.0	9014.0	9034.0	5861.0	15836.0	4579.0	2292.0
7170/	2165.0	5385.0	1045.0	2969.0	3617.0	1936.0	20969.0	7942.0	10580.0	4449.0	13023.0	4202.0	1830.0
7206/	1434.0	4417.0	879.0	2384.0	2569.0	1738.0	16590.0	6595.0	9989.0	4822.0	10970.0	3228.0	2230.0
7207/	1404.0	3621.0	744.0	2458.0	2524.0	1535.0	16062.0	7232.0	9718.0	4496.0	11525.0	3151.0	1836.0
7229/	1862.0	5415.0	888.0	2942.0	3294.0	1826.0	16896.0	7097.0	8818.0	5796.0	12237.0	3529.0	2004.0
7230/	1833.0	5275.0	1340.0	3354.0	3324.0	2010.0	18831.0	8481.0	8056.0	6469.0	13768.0	2600.0	1508.0
7286/	2176.0	5163.0	924.0	2885.0	2861.0	1612.0	19674.0	8280.0	11170.0	4883.0	12289.0	3349.0	2450.0
7287/	2066.0	4629.0	1032.0	2971.0	3146.0	2042.0	21800.0	8193.0	11378.0	5532.0	14148.0	3257.0	2465.0
7289/	1732.0	4949.0	1038.0	2849.0	3070.0	1977.0	16808.0	7710.0	9908.0	5201.0	11577.0	2370.0	2336.0
7290/	1318.0	4024.0	801.0	2158.0	2473.0	1572.0	17904.0	5923.0	7518.0	4397.0	9301.0	2336.0	1837.0
7293/	2008.0	6036.0	1020.0	2811.0	2792.0	1945.0	17678.0	8149.0	9644.0	5125.0	12365.0	4143.0	1624.0
7321/	1612.0	5009.0	917.0	2676.0	3161.0	1901.0	17439.0	6810.0	9790.0	6374.0	13467.0	3339.0	1668.0
7341/	1516.0	3632.0	909.0	2396.0	2852.0	1825.0	16682.0	7134.0	7936.0	4822.0	11304.0	2617.0	1783.0
7366/	2129.0	5286.0	1636.0	3790.0	3594.0	2706.0	16669.0	7220.0	8838.0	5436.0	11522.0	3486.0	1897.0
7367/	2632.0	6788.0	1003.0	3137.0	3150.0	2109.0	18591.0	9420.0	11602.0	5789.0	15045.0	3554.0	2670.0
7368/	2263.0	5008.0	1148.0	3025.0	3614.0	2233.0	15572.0	6469.0	8649.0	4764.0	12309.0	3705.0	1964.0
7516/	1946.0	5831.0	1047.0	2939.0	3996.0	2313.0	16695.0	6915.0	9579.0	5784.0	14866.0	3141.0	2160.0
7690/	1505.0	4761.0	1175.0	2505.0	2433.0	2023.0	16696.0	5852.0	9228.0	4900.0	12410.0	3738.0	2446.0
7802/	1896.0	5111.0	1131.0	2870.0	3563.0	2019.0	16934.0	7743.0	8834.0	4124.0	10968.0	3008.0	2172.0
7803/	1626.0	4727.0	913.0	2265.0	2773.0	1662.0	18963.0	8342.0	8232.0	4584.0	11901.0	4065.0	1780.0
7895/	1509.0	3671.0	964.0	2635.0	2514.0	2074.0	14676.0	4621.0	6751.0	4153.0	11102.0	2815.0	1790.0
7904/	1699.0	4983.0	892.0	2677.0	3141.0	1893.0	19843.0	7526.0	8939.0	6173.0	15090.0	4194.0	1991.0
7906/	1530.0	3780.0	813.0	2398.0	2739.0	1826.0	14133.0	5654.0	7612.0	3567.0	11106.0	2763.0	1814.0
7953/	1483.0	3672.0	1147.0	2812.0	3537.0	2451.0	16937.0	7680.0	9001.0	4478.0	13020.0	2539.0	1523.0
7954/	2011.0	4849.0	1286.0	3534.0	4209.0	2778.0	21297.0	9050.0	9383.0	5668.0	15139.0	4006.0	1913.0
8155/	1857.0	4546.0	1128.0	3167.0	3106.0	2183.0	18058.0	7116.0	9928.0	5243.0	13564.0	3386.0	1794.0
8231/	2153.0	4993.0	930.0	2561.0	3456.0	1984.0	19644.0	6745.0	9061.0	4695.0	11918.0	4615.0	2228.0
